Main.Studies.MarkerTracking.t,Main.Studies.MarkerTracking.JointAngleOutputs.OutputFile_Trunk.PelvisPosX,Main.Studies.MarkerTracking.JointAngleOutputs.OutputFile_Trunk.PelvisPosY,Main.Studies.MarkerTracking.JointAngleOutputs.OutputFile_Trunk.PelvisPosZ,Main.Studies.MarkerTracking.JointAngleOutputs.OutputFile_Trunk.PelvisRotX,Main.Studies.MarkerTracking.JointAngleOutputs.OutputFile_Trunk.PelvisRotY,Main.Studies.MarkerTracking.JointAngleOutputs.OutputFile_Trunk.PelvisRotZ,Main.Studies.MarkerTracking.JointAngleOutputs.OutputFile_Trunk.PelvisThoraxExtension,Main.Studies.MarkerTracking.JointAngleOutputs.OutputFile_Trunk.PelvisThoraxLateralBending,Main.Studies.MarkerTracking.JointAngleOutputs.OutputFile_Trunk.PelvisThoraxRotation,Main.Studies.MarkerTracking.JointAngleOutputs.OutputFile_Trunk.SkullThoraxFlexion,Main.Studies.MarkerTracking.JointAngleOutputs.OutputFile_Trunk.SkullThoraxLateralBending,Main.Studies.MarkerTracking.JointAngleOutputs.OutputFile_Trunk.SkullThoraxRotation
 1.000000000000000e+000, 1.299470636063185e+000, 1.424734311400232e-001, 9.793348231271366e-001, 1.570355531479205e+000,-3.236676959274210e-003, 2.999191519979409e+000,-6.475062568027019e-002,-4.217728889434281e-003, 4.532106609859975e-002, 2.775557561562891e-017,-1.110223024625156e-016, 1.040834085586084e-017
 1.008333333333333e+000, 1.292636395210203e+000, 1.428074209997096e-001, 9.793574871658379e-001, 1.569697031214397e+000,-2.131021904272057e-003, 2.995563697266986e+000,-6.439611021725727e-002,-4.271378155325256e-003, 4.453322031239717e-002, 0.000000000000000e+000, 0.000000000000000e+000, 1.387778780781445e-017
 1.016666666666667e+000, 1.285781762675096e+000, 1.431631922658943e-001, 9.792730923969607e-001, 1.569142862831346e+000,-1.029070366982632e-003, 2.992214045044630e+000,-6.407024680821331e-002,-4.359499048236627e-003, 4.375822412357412e-002, 1.387778780781445e-017, 1.110223024625156e-016,-3.469446951953613e-018
 1.025000000000000e+000, 1.278898805468899e+000, 1.435367038809289e-001, 9.790827131835554e-001, 1.568696090172728e+000, 5.453003444944038e-005, 2.989156274279908e+000,-6.378096739249592e-002,-4.450160136558774e-003, 4.299931210918594e-002, 2.775557561562891e-017,-1.110223024625156e-016,-3.469446951953613e-018
 1.033333333333333e+000, 1.271979482362992e+000, 1.439248945384450e-001, 9.787879199104533e-001, 1.568357193321592e+000, 1.101659124996823e-003, 2.986395623148783e+000,-6.353827879938094e-002,-4.510128228279699e-003, 4.226558429138950e-002,-1.387778780781446e-017,-1.110223024625157e-016,-1.734723475976807e-017
 1.041666666666667e+000, 1.265016406325778e+000, 1.443259142971546e-001, 9.783901357907846e-001, 1.568125572841134e+000, 2.093511093758105e-003, 2.983931759819071e+000,-6.335299637241681e-002,-4.509624684689071e-003, 4.156852108536690e-002, 0.000000000000000e+000, 1.110223024625156e-016, 1.040834085586084e-017
 1.050000000000000e+000, 1.258004036292007e+000, 1.447390948522836e-001, 9.778899478519230e-001, 1.568000782717228e+000, 3.016750057653228e-003, 2.981759997379711e+000,-6.323246520980295e-002,-4.425763859165241e-003, 4.092104200152118e-002, 0.000000000000000e+000,-1.110223024625157e-016, 1.387778780781446e-017
 1.058333333333333e+000, 1.250938712606077e+000, 1.451649709595520e-001, 9.772872947958511e-001, 1.567982537071581e+000, 3.863003657019304e-003, 2.979870376462328e+000,-6.318199164425965e-002,-4.243266937111973e-003, 4.033760375788623e-002,-4.163336342344337e-017, 1.110223024625157e-016,-3.469446951953614e-018
 1.066666666666667e+000, 1.243817712260642e+000, 1.456053710603225e-001, 9.765823445338224e-001, 1.568070323490430e+000, 4.623068989708434e-003, 2.978246415699679e+000,-6.321041154510530e-002,-3.954140547266617e-003, 3.983394058988293e-002,-2.775557561562891e-017, 0.000000000000000e+000,-1.040834085586084e-017
 1.075000000000000e+000, 1.236638926639746e+000, 1.460630499146425e-001, 9.757760673762842e-001, 1.568263445491742e+000, 5.287061173355312e-003, 2.976865219647490e+000,-6.332932025835748e-002,-3.556751301301456e-003, 3.942770354159911e-002,-4.163336342344336e-017,-1.110223024625156e-016,-5.898059818321143e-017
 1.083333333333333e+000, 1.229400755220981e+000, 1.465412868738056e-001, 9.748705314395032e-001, 1.568560482967967e+000, 5.846028962716021e-003, 2.975700074968235e+000,-6.355084422753389e-002,-3.054248111688294e-003, 3.913688793467584e-002, 4.163336342344336e-017,-2.220446049250313e-016,-1.387778780781445e-017
 1.091666666666667e+000, 1.222101913796251e+000, 1.470436166824892e-001, 9.738692247325623e-001, 1.568958523353209e+000, 6.292395145039098e-003, 2.974723788479929e+000,-6.388625325031566e-002,-2.452873196595077e-003, 3.897667831447314e-002,-5.551115123125783e-017, 2.220446049250313e-016,-3.469446951953614e-017
 1.100000000000000e+000, 1.214741680395327e+000, 1.475733808117686e-001, 9.727771657588421e-001, 1.569452020181835e+000, 6.624006353406209e-003, 2.973911352309266e+000,-6.434050072755980e-002,-1.758772805546968e-003, 3.895766057946760e-002, 2.775557561562892e-017, 0.000000000000000e+000, 3.469446951953615e-018
 1.108333333333333e+000, 1.207319729161379e+000, 1.481336544698435e-001, 9.716011896144832e-001, 1.570030459142351e+000, 6.844452147725999e-003, 2.973242891745414e+000,-6.491071522258750e-002,-9.739896971367314e-004, 3.908277269954033e-002, 1.387778780781445e-017, 0.000000000000000e+000, 2.428612866367529e-017
 1.116666666666667e+000, 1.199835751863154e+000, 1.487273545349725e-001, 9.703502820728963e-001, 1.570675433104538e+000, 6.961587278282444e-003, 2.972706074573648e+000,-6.558708110269750e-002,-9.216071306349521e-005, 3.934560390808378e-002,-4.163336342344337e-017,-1.110223024625157e-016, 2.775557561562891e-017
 1.125000000000000e+000, 1.192288809677588e+000, 1.493574859184836e-001, 9.690358352672819e-001, 1.571358697935703e+000, 6.984362140677103e-003, 2.972297962030423e+000,-6.635568868197563e-002, 9.038447045318475e-004, 3.972978835638742e-002, 4.163336342344335e-017,-1.110223024625156e-016, 0.000000000000000e+000
 1.133333333333333e+000, 1.184676580185784e+000, 1.500273440251378e-001, 9.676715719638436e-001, 1.572043003493950e+000, 6.919928260597397e-003, 2.972026804525036e+000,-6.720084223863869e-002, 2.040416409651262e-003, 4.020836818810189e-002, 1.387778780781445e-017, 2.220446049250313e-016, 4.163336342344336e-017
 1.141666666666667e+000, 1.176994733090760e+000, 1.507405338228199e-001, 9.662730949229197e-001, 1.572686261671804e+000, 6.772032503167047e-003, 2.971913581332783e+000,-6.810594319416338e-002, 3.347650837166473e-003, 4.074300899285231e-002, 4.163336342344336e-017,-4.440892098500625e-016,-4.857225732735059e-017
 1.150000000000000e+000, 1.169236784682377e+000, 1.515008177766534e-001, 9.648572297355247e-001, 1.573247632409618e+000, 6.540662140556819e-003, 2.971990895788191e+000,-6.905388711994624e-002, 4.852019529619547e-003, 4.128473368352119e-002, 0.000000000000000e+000, 0.000000000000000e+000, 0.000000000000000e+000
 1.158333333333333e+000, 1.161394810704934e+000, 1.523118319518127e-001, 9.634412383271063e-001, 1.573692831647482e+000, 6.223784940159849e-003, 2.972296491937527e+000,-7.002681162093678e-002, 6.571043757372566e-003, 4.177823489104321e-002,-1.387778780781445e-017, 0.000000000000000e+000,-1.734723475976807e-017
 1.166666666666667e+000, 1.153460767374336e+000, 1.531766697030585e-001, 9.620421090996972e-001, 1.573996617001917e+000, 5.820322969377179e-003, 2.972863450103995e+000,-7.100554413753002e-002, 8.512524591956327e-003, 4.216894578713701e-002, 2.775557561562890e-017,-4.440892098500624e-016,-1.387778780781445e-017
 1.175000000000000e+000, 1.145427539385343e+000, 1.540975159017434e-001, 9.606763848492963e-001, 1.574142128629753e+000, 5.330759060594437e-003, 2.973713125907599e+000,-7.197106623794365e-002, 1.067760974002803e-002, 4.240913877971749e-002, 1.387778780781445e-017,-1.110223024625156e-016, 1.387778780781445e-017
 1.183333333333333e+000, 1.137289386923604e+000, 1.550756018267095e-001, 9.593605336621752e-001, 1.574118107856669e+000, 4.755189504382917e-003, 2.974853001840011e+000,-7.290755219867157e-002, 1.306508931789717e-002, 4.246115428302356e-002,-1.387778780781445e-017, 0.000000000000000e+000,-1.040834085586084e-017
 1.191666666666667e+000, 1.129042242288317e+000, 1.561114306903974e-001, 9.581113501170638e-001, 1.573915345319604e+000, 4.092491660958375e-003, 2.976276751578645e+000,-7.380369770768001e-002, 1.567527112676550e-002, 4.229897293515644e-002, 4.163336342344336e-017,-1.110223024625156e-016, 2.081668171172168e-017
 1.200000000000000e+000, 1.120684096132421e+000, 1.572049855960749e-001, 9.569461207417906e-001, 1.573523399389123e+000, 3.341543282098680e-003, 2.977965026602177e+000,-7.465184223646000e-002, 1.851308503087247e-002, 4.190901935292575e-002,-6.938893903907228e-017, 3.330669073875470e-016,-1.734723475976807e-017
 1.208333333333333e+000, 1.112215270412309e+000, 1.583557780535414e-001, 9.558826074407300e-001, 1.572928681363224e+000, 2.502274557511619e-003, 2.979887542668793e+000,-7.544712357008326e-002, 2.158957638761833e-002, 4.128965173231513e-002, 1.387778780781446e-017, 3.330669073875470e-016, 1.387778780781446e-017
 1.216666666666667e+000, 1.103638578406841e+000, 1.595625783592117e-001, 9.549384604600436e-001, 1.572115717348007e+000, 1.577260538498049e-003, 2.982006477230407e+000,-7.618595275219975e-002, 2.491980539208138e-002, 4.044937590057954e-002,-1.387778780781446e-017, 0.000000000000000e+000,-1.734723475976807e-017
 1.225000000000000e+000, 1.094958985636425e+000, 1.608234603067726e-001, 9.541308298199277e-001, 1.571070133883640e+000, 5.695573473376570e-004, 2.984279286655142e+000,-7.686781213794978e-002, 2.851787754817575e-002, 3.940492750830980e-002, 1.387778780781445e-017,-3.330669073875468e-016, 3.469446951953613e-018
 1.233333333333333e+000, 1.086183357726331e+000, 1.621355880290233e-001, 9.534751994845857e-001, 1.569784104407417e+000,-5.169169532868168e-004, 2.986661407533205e+000,-7.749403634366137e-002, 3.238954767235712e-002, 3.817987888030280e-002,-5.551115123125782e-017, 0.000000000000000e+000,-3.816391647148975e-017
 1.241666666666667e+000, 1.077319997438216e+000, 1.634951742412863e-001, 9.529843949970328e-001, 1.568260301976153e+000,-1.678281414677629e-003, 2.989109303723585e+000,-7.806711608923370e-002, 3.652693312213722e-002, 3.680317666096437e-002, 1.387778780781445e-017,-1.110223024625156e-016, 0.000000000000000e+000
 1.250000000000000e+000, 1.068378151800761e+000, 1.648974137709709e-001, 9.526676349983589e-001, 1.566512988059862e+000,-2.911020455721003e-003, 2.991584357332663e+000,-7.858907817485542e-002, 4.090760126588573e-002, 3.530748518610813e-002,-5.551115123125782e-017, 0.000000000000000e+000,-3.816391647148975e-017
 1.258333333333333e+000, 1.059367511910448e+000, 1.663365282266575e-001, 9.525297988415746e-001, 1.564566299968653e+000,-4.212070845355909e-003, 2.994056264907859e+000,-7.905978001461653e-002, 4.549761579359177e-002, 3.372796167828431e-002, 1.387778780781445e-017,-1.110223024625156e-016,-3.469446951953613e-018
 1.266666666666667e+000, 1.050297852426812e+000, 1.678059664206620e-001, 9.525709614609536e-001, 1.562451623259228e+000,-5.578420047264387e-003, 2.996504758288643e+000,-7.947543207063945e-002, 5.025562815087683e-002, 3.210176098308289e-002, 0.000000000000000e+000, 3.330669073875468e-016, 1.387778780781445e-017
 1.275000000000000e+000, 1.041178945118067e+000, 1.692987085742125e-001, 9.527862590763020e-001, 1.560204682529288e+000,-7.006125401137764e-003, 2.998919840426734e+000,-7.982775991978723e-002, 5.513682246478190e-002, 3.046784780641983e-002, 1.387778780781445e-017,-1.110223024625156e-016, 1.040834085586084e-017
 1.283333333333333e+000, 1.032020770425716e+000, 1.708076898812462e-001, 9.531661714951187e-001, 1.557861609103953e+000,-8.489312785674219e-003, 3.001301007847604e+000,-8.010446625999797e-002, 6.009736979233660e-002, 2.886659330943904e-002, 1.387778780781445e-017, 1.110223024625156e-016, 1.387778780781445e-017
 1.291666666666667e+000, 1.022833942568996e+000, 1.723263333910242e-001, 9.536972216851218e-001, 1.555454541458787e+000,-1.001966162352797e-002, 3.003655467340462e+000,-8.029103078481749e-002, 6.509869042224133e-002, 2.733888258973659e-002,-2.775557561562891e-017, 2.220446049250313e-016, 1.734723475976807e-017
 1.300000000000000e+000, 1.013630126955032e+000, 1.738489689846914e-001, 9.543629126095216e-001, 1.553008475818861e+000,-1.158616439698346e-002, 3.005995754421227e+000,-8.037295953918464e-002, 7.010998337498740e-002, 2.592467906893350e-002,-1.387778780781446e-017,-3.330669073875470e-016,-1.040834085586084e-017
 1.308333333333333e+000, 1.004422118717581e+000, 1.753710693980458e-001, 9.551448974868287e-001, 1.550540446846596e+000,-1.317615131146344e-002, 3.008337375926184e+000,-8.033900790967161e-002, 7.510791860206206e-002, 2.466084349184905e-002,-2.775557561562891e-017, 1.110223024625157e-016,-3.816391647148976e-017
 1.316666666666667e+000, 9.952237894381719e-001, 1.768890344544395e-001, 9.560236543546330e-001, 1.548060766114856e+000,-1.477492305916939e-002, 3.010697475905904e+000,-8.018258883515309e-002, 8.007470525965953e-002, 2.357894198627349e-002,-4.163336342344336e-017, 3.330669073875469e-016, 1.040834085586084e-017
 1.325000000000000e+000, 9.860497324490146e-001, 1.784000041646193e-001, 9.569793167409902e-001, 1.545575663856777e+000,-1.636697922387942e-002, 3.013093815407958e+000,-7.990380695203915e-002, 8.499432406459502e-002, 2.270274057618956e-002, 1.387778780781445e-017, 0.000000000000000e+000,-3.469446951953613e-018
 1.333333333333333e+000, 9.769148931455062e-001, 1.799014082492620e-001, 9.579920803498535e-001, 1.543089632733134e+000,-1.793539134352895e-002, 3.015544619617461e+000,-7.950848270379275e-002, 8.985008887233295e-002, 2.204655572456787e-002,-2.775557561562891e-017, 1.110223024625156e-016, 3.469446951953614e-017
 1.341666666666667e+000, 9.678340177320582e-001, 1.813904485862384e-001, 9.590425776403909e-001, 1.540607486191153e+000,-1.946083167000046e-002, 3.018068417447765e+000,-7.900575100469154e-002, 9.462304295004970e-002, 2.161499728554888e-002, 0.000000000000000e+000,-2.220446049250313e-016, 1.040834085586084e-017
 1.350000000000000e+000, 9.588207872854168e-001, 1.828638387346057e-001, 9.601126838356004e-001, 1.538137124569860e+000,-2.092283414279339e-002, 3.020683024432027e+000,-7.840721152935241e-002, 9.928902271980272e-002, 2.140377779052884e-002, 1.387778780781446e-017, 0.000000000000000e+000, 6.938893903907228e-018
 1.358333333333333e+000, 9.498872479074941e-001, 1.843174858670944e-001, 9.611859799745386e-001, 1.535692982266904e+000,-2.229927174917967e-002, 3.023404036725840e+000,-7.772446924606759e-002, 1.038155075116432e-001, 2.140261219174177e-002, 0.000000000000000e+000, 1.110223024625156e-016, 6.938893903907227e-018
 1.366666666666667e+000, 9.410431764122910e-001, 1.857466040783302e-001, 9.622486709211316e-001, 1.533297613629955e+000,-2.356926728732667e-002, 3.026244071833332e+000,-7.697007637321404e-002, 1.081601131693629e-001, 2.159689603597019e-002,-1.387778780781446e-017, 3.330669073875470e-016, 2.081668171172169e-017
 1.375000000000000e+000, 9.322958290007237e-001, 1.871458111809344e-001, 9.632900192532209e-001, 1.530980219888895e+000,-2.471461533667729e-002, 3.029212463853678e+000,-7.615747539172429e-002, 1.122736439689713e-001, 2.197000144562994e-002, 1.387778780781445e-017, 0.000000000000000e+000,-2.081668171172168e-017
 1.383333333333333e+000, 9.236499304739753e-001, 1.885093755993526e-001, 9.643025440960100e-001, 1.528773003411826e+000,-2.572083100115474e-002, 3.032314906083582e+000,-7.530116367839834e-002, 1.161060330420845e-001, 2.250522026602739e-002, 2.775557561562891e-017,-3.330669073875470e-016, 2.428612866367530e-017
 1.391666666666667e+000, 9.151079181538736e-001, 1.898315355580225e-001, 9.652819060142647e-001, 1.526707332698412e+000,-2.657721040747951e-002, 3.035552986127749e+000,-7.441646109922603e-002, 1.196125931434083e-001, 2.318702101890557e-002, 2.775557561562891e-017,-3.330669073875470e-016, 1.040834085586084e-017
 1.400000000000000e+000, 9.066703181320063e-001, 1.911068337081207e-001, 9.662265572892060e-001, 1.524811025853027e+000,-2.727647192639182e-002, 3.038923538287035e+000,-7.351925173458088e-002, 1.227585164481369e-001, 2.400175869227503e-002, 6.938893903907227e-018, 0.000000000000000e+000, 3.122502256758252e-017
 1.408333333333333e+000, 8.983361299781948e-001, 1.923303550518817e-001, 9.671372606778990e-001, 1.523107144944242e+000,-2.781442144212254e-002, 3.042418252240679e+000,-7.262602054709899e-002, 1.255208701576291e-001, 2.493786797370533e-002, 6.938893903907228e-018,-1.110223024625157e-016, 6.938893903907228e-018
 1.416666666666667e+000, 8.901031658968733e-001, 1.934977949384724e-001, 9.680165153615196e-001, 1.521613568322713e+000,-2.818935726207217e-002, 3.046024367725077e+000,-7.175369064026450e-002, 1.278890798790706e-001, 2.598537624803653e-002, 6.938893903907227e-018, 0.000000000000000e+000,-1.214306433183765e-017
 1.425000000000000e+000, 8.819683416252411e-001, 1.946054376588004e-001, 9.688679139697937e-001, 1.520342477727739e+000,-2.840098299937055e-002, 3.049726494417027e+000,-7.091883037309206e-002, 1.298650593726062e-001, 2.713510645499907e-002, 6.938893903907228e-018,-4.440892098500626e-016,-6.938893903907228e-018
 1.433333333333333e+000, 8.739279256713137e-001, 1.956501400748207e-001, 9.696955138271605e-001, 1.519300199652525e+000,-2.844921167274084e-002, 3.053508762903121e+000,-7.013664391458011e-002, 1.314624354639004e-001, 2.837801970865331e-002, 2.775557561562891e-017,-2.220446049250313e-016, 1.040834085586084e-017
 1.441666666666667e+000, 8.659777351149592e-001, 1.966293224061430e-001, 9.705033049868271e-001, 1.518487935765222e+000,-2.833316965138044e-002, 3.057356876111934e+000,-6.942001616223031e-002, 1.327041732213330e-001, 2.970470799582127e-002, 1.387778780781446e-017, 2.220446049250313e-016, 2.428612866367530e-017
 1.450000000000000e+000, 8.581133616048444e-001, 1.975410147289127e-001, 9.712947184345957e-001, 1.517902458441091e+000,-2.804992198294309e-002, 3.061260273827681e+000,-6.877798454491474e-002, 1.336196465590182e-001, 3.110489865076413e-002, 0.000000000000000e+000,-2.220446049250313e-016, 6.071532165918823e-018
 1.458333333333333e+000, 8.503305196573529e-001, 1.983839914704790e-001, 9.720721119740990e-001, 1.517536267843338e+000,-2.759287101944552e-002, 3.065214164039154e+000,-6.821377376153041e-002, 1.342420096287016e-001, 3.256681302879601e-002, 6.938893903907225e-018, 2.220446049250312e-016, 6.505213034913024e-018
 1.466666666666667e+000, 8.426252500957683e-001, 1.991578310896488e-001, 9.728364331289636e-001, 1.517378164251183e+000,-2.695139074787178e-002, 3.069220202287724e+000,-6.772411943788448e-002, 1.346056070936537e-001, 3.407668311808407e-002,-2.775557561562891e-017, 0.000000000000000e+000,-4.119968255444917e-018
 1.475000000000000e+000, 8.349936842491958e-001, 1.998628198777106e-001, 9.735872561690827e-001, 1.517414320887635e+000,-2.611262644709167e-002, 3.073285040968866e+000,-6.730055516497985e-002, 1.347438090097494e-001, 3.561909828101126e-002,-2.081668171172168e-017, 0.000000000000000e+000,-1.691355389077387e-017
 1.483333333333333e+000, 8.274316305200368e-001, 2.004998554536888e-001, 9.743230654078863e-001, 1.517629232169424e+000,-2.506417045936749e-002, 3.077417748638865e+000,-6.693145115708303e-002, 1.346874502050913e-001, 3.717787683723276e-002, 2.775557561562891e-017,-3.330669073875469e-016, 2.341876692568689e-017
 1.491666666666667e+000, 8.199343754841736e-001, 2.010703876497961e-001, 9.750416035966492e-001, 1.518006925451201e+000,-2.379632242194996e-002, 3.081627495752253e+000,-6.660406118676632e-002, 1.344631259429268e-001, 3.873662379624150e-002, 6.938893903907227e-018, 0.000000000000000e+000,-3.469446951953613e-018
 1.500000000000000e+000, 8.124967895911135e-001, 2.015763527934074e-001, 9.757401925928411e-001, 1.518532251695148e+000,-2.230342346517444e-002, 3.085921060509956e+000,-6.630634666901651e-002, 1.340919357510831e-001, 4.027949273718799e-002,-6.938893903907225e-018, 1.110223024625156e-016,-8.673617379884032e-018
 1.508333333333333e+000, 8.051136848706563e-001, 2.020201962976146e-001, 9.764159141810229e-001, 1.519190753253652e+000,-2.058378348523560e-002, 3.090299171167967e+000,-6.602788653817970e-002, 1.335905284347082e-001, 4.179300081898910e-002,-2.081668171172168e-017, 1.110223024625156e-016, 2.428612866367529e-017
 1.516666666666667e+000, 7.977801704902203e-001, 2.024049257638214e-001, 9.770656942976953e-001, 1.519967296380185e+000,-1.863883129031430e-002, 3.094753539930223e+000,-6.575984128949698e-002, 1.329739073924382e-001, 4.326741743678383e-002, 2.428612866367529e-017, 0.000000000000000e+000, 2.428612866367529e-017
 1.525000000000000e+000, 7.904916892595396e-001, 2.027340032845231e-001, 9.776864450898236e-001, 1.520845501196364e+000,-1.647281386809496e-002, 3.099267330199464e+000,-6.549469651833599e-002, 1.322571913280827e-001, 4.469582835911992e-002,-3.469446951953613e-018,-2.220446049250313e-016, 1.387778780781445e-017
 1.533333333333333e+000, 7.832437841196649e-001, 2.030111418972559e-001, 9.782751836140256e-001, 1.521808005798091e+000,-1.409283138004192e-002, 3.103818190837194e+000,-6.522593048155589e-002, 1.314559847496351e-001, 4.607214155104638e-002, 6.938893903907228e-018,-1.110223024625157e-016,-1.387778780781446e-017
 1.541666666666667e+000, 7.760318844565355e-001, 2.032402013885735e-001, 9.788289434853702e-001, 1.522836004188758e+000,-1.150811897900672e-002, 3.108380922983453e+000,-6.494760004376166e-002, 1.305870117885637e-001, 4.739044514108202e-002, 1.387778780781446e-017,-1.110223024625157e-016,-6.938893903907228e-018
 1.550000000000000e+000, 7.688512623666830e-001, 2.034252400319071e-001, 9.793445194034897e-001, 1.523908404263853e+000,-8.728561270788360e-003, 3.112928226678584e+000,-6.465415179481569e-002, 1.296686113760076e-001, 4.864603232684340e-002, 2.428612866367529e-017, 1.110223024625156e-016,-6.938893903907227e-018
 1.558333333333333e+000, 7.616971085381326e-001, 2.035706331444426e-001, 9.798181774258152e-001, 1.525001978814294e+000,-5.763035525923721e-003, 3.117429889980345e+000,-6.434005622699772e-002, 1.287199201509733e-001, 4.983689916938200e-002,-2.081668171172169e-017,-5.551115123125783e-016, 2.081668171172169e-017
 1.566666666666667e+000, 7.545645927432849e-001, 2.036810655873408e-001, 9.802453939505007e-001, 1.526092629427752e+000,-2.618044444371970e-003, 3.121852058654224e+000,-6.399884137714543e-002, 1.277591230284020e-001, 5.096434859839962e-002,-2.255140518769849e-017, 0.000000000000000e+000, 2.081668171172168e-017
 1.575000000000000e+000, 7.474488345267798e-001, 2.037612891156704e-001, 9.806206960618438e-001, 1.527157215675451e+000, 7.027633117757670e-004, 3.126157678738069e+000,-6.362235454150000e-002, 1.268014837414734e-001, 5.203208445051739e-002, 1.387778780781445e-017,-3.330669073875469e-016,-2.081668171172168e-017
 1.583333333333333e+000, 7.403448180838748e-001, 2.038158095428131e-001, 9.809376809517729e-001, 1.528174915635170e+000, 4.197793719350695e-003, 3.130307480311486e+000,-6.320120911636319e-002, 1.258581589508391e-001, 5.304457437304690e-002,-5.204170427930420e-017, 1.110223024625156e-016, 2.081668171172168e-017
 1.591666666666667e+000, 7.332472810408759e-001, 2.038487299402969e-001, 9.811892064040988e-001, 1.529126881808710e+000, 7.865714769922594e-003, 3.134260618824813e+000,-6.272622824552392e-002, 1.249371132478182e-001, 5.400579899223527e-002,-2.949029909160572e-017,-1.110223024625157e-016, 3.469446951953614e-017
 1.600000000000000e+000, 7.261505532281094e-001, 2.038637022850727e-001, 9.813676743950041e-001, 1.529995039853965e+000, 1.170321325265666e-002, 3.137975212907670e+000,-6.219018832211586e-002, 1.240450641110629e-001, 5.491853272668414e-002, 3.295974604355934e-017, 3.330669073875470e-016,-1.387778780781446e-017
 1.608333333333333e+000, 7.190483482628436e-001, 2.038638102342364e-001, 9.814653412196744e-001, 1.530762044464119e+000, 1.570260211622943e-002, 3.141409298088292e+000,-6.158963330496934e-002, 1.231880361263303e-001, 5.578380253116979e-002,-1.214306433183765e-017,-1.110223024625156e-016, 1.387778780781445e-017
 1.616666666666667e+000, 7.119335530889511e-001, 2.038514139354344e-001, 9.814746250351185e-001, 1.531412187477263e+000, 1.984935909662311e-002, 3.144521830858842e+000,-6.092689123267893e-002, 1.223707788038039e-001, 5.660073064519750e-002, 2.081668171172169e-017, 2.220446049250313e-016,-1.387778780781446e-017
 1.625000000000000e+000, 7.047980319303471e-001, 2.038280959713552e-001, 9.813884115060326e-001, 1.531931787683918e+000, 2.411962461743511e-002, 3.147272865791543e+000,-6.021226447777896e-002, 1.215967653515870e-001, 5.736738171577972e-002,-2.081668171172168e-017, 0.000000000000000e+000,-1.387778780781445e-017
 1.633333333333333e+000, 6.976323755247602e-001, 2.037946684258697e-001, 9.812003530879231e-001, 1.532308667240779e+000, 2.847778846227178e-002, 3.149622532558923e+000,-5.946595345474739e-002, 1.208693387593703e-001, 5.808275182533729e-002,-1.387778780781446e-017, 1.110223024625157e-016, 1.387778780781446e-017
 1.641666666666667e+000, 6.904255361212717e-001, 2.037510825743130e-001, 9.809050704512626e-001, 1.532530797303824e+000, 3.287476247386545e-002, 3.151529463337423e+000,-5.871880766500141e-002, 1.201941867861170e-001, 5.874926930817331e-002,-5.204170427930419e-018, 0.000000000000000e+000,-1.387778780781445e-017
 1.650000000000000e+000, 6.831645632186685e-001, 2.036962774437715e-001, 9.804980938105994e-001, 1.532584277871647e+000, 3.724817091666677e-002, 3.152950562061478e+000,-5.801101797744230e-002, 1.195826026750543e-001, 5.937458290276908e-002,-1.908195823574488e-017, 0.000000000000000e+000, 1.387778780781446e-017
 1.658333333333333e+000, 6.758348852122491e-001, 2.036282207110826e-001, 9.799754705173986e-001, 1.532451330974859e+000, 4.152551063103771e-002, 3.153844106530455e+000,-5.738865972508712e-002, 1.190537227706285e-001, 5.997148152230115e-002, 1.734723475976807e-018,-1.110223024625157e-016,-1.387778780781446e-017
 1.666666666666667e+000, 6.684213606795537e-001, 2.035442466298013e-001, 9.793331456763124e-001, 1.532108878264088e+000, 4.563036033812118e-002, 3.154176294529302e+000,-5.689850315965852e-002, 1.186348900175508e-001, 6.055586076763975e-002, 1.734723475976807e-017, 2.220446049250313e-016, 0.000000000000000e+000
 1.675000000000000e+000, 6.609098929413458e-001, 2.034415203870316e-001, 9.785663830753438e-001, 1.531528110243619e+000, 4.949072412613242e-002, 3.153929461820351e+000,-5.658159958952051e-002, 1.183604894515668e-001, 6.114355245373947e-002,-3.469446951953613e-018,-3.330669073875469e-016, 1.387778780781445e-017
 1.683333333333333e+000, 6.532890393028829e-001, 2.033173745973932e-001, 9.776696850719812e-001, 1.530676643500481e+000, 5.304733456779376e-002, 3.153108562583707e+000,-5.646707115547152e-002, 1.182681747565104e-001, 6.174741005331518e-002, 6.938893903907226e-017, 2.220446049250312e-016,-4.163336342344335e-017
 1.691666666666667e+000, 6.455509378883597e-001, 2.031693040598818e-001, 9.766376659500655e-001, 1.529525157164100e+000, 5.625940445447042e-002, 3.151741981632759e+000,-5.656792079323528e-002, 1.183908346435425e-001, 6.237624374442761e-002,-1.040834085586084e-017, 1.110223024625157e-016,-2.775557561562891e-017
 1.700000000000000e+000, 6.376914670408275e-001, 2.029946452962833e-001, 9.754667878039505e-001, 1.528057832811734e+000, 5.910767881401879e-002, 3.149877163952106e+000,-5.687889727108677e-002, 1.187448241339221e-001, 6.303498566674909e-002,-3.469446951953613e-018,-2.220446049250312e-016, 2.775557561562890e-017
 1.708333333333333e+000, 6.297101651026058e-001, 2.027901540301805e-001, 9.741571748733866e-001, 1.526283782092549e+000, 6.159617394698747e-002, 3.147575993307480e+000,-5.737560844734941e-002, 1.193168837219637e-001, 6.372401241187281e-002,-6.938893903907227e-018, 1.110223024625156e-016,-2.775557561562891e-017
 1.716666666666667e+000, 6.216099967441457e-001, 2.025518262510997e-001, 9.727141059873911e-001, 1.524245814895310e+000, 6.375138160778904e-002, 3.144912665145801e+000,-5.801595743274588e-002, 1.200534559025482e-001, 6.443631760896319e-002, 3.816391647148975e-017, 0.000000000000000e+000,-5.551115123125782e-017
 1.725000000000000e+000, 6.133964251212603e-001, 2.022748760361449e-001, 9.711484898729885e-001, 1.522021300398553e+000, 6.561655194549454e-002, 3.141971710390778e+000,-5.874567196453084e-002, 1.208603658708047e-001, 6.515686539674703e-002,-3.122502256758253e-017, 0.000000000000000e+000, 0.000000000000000e+000
 1.733333333333333e+000, 6.050757114928824e-001, 2.019540022983861e-001, 9.694762627403168e-001, 1.519713068881821e+000, 6.724209650438628e-002, 3.138844429166805e+000,-5.950654347330564e-002, 1.216152506919278e-001, 6.586520533257775e-002, 1.387778780781445e-017, 1.110223024625156e-016, 2.775557561562891e-017
 1.741666666666667e+000, 5.966530130059059e-001, 2.015838138621757e-001, 9.677168566341854e-001, 1.517434219780979e+000, 6.867591414618146e-002, 3.135623366532225e+000,-6.024415958149396e-002, 1.221874234045968e-001, 6.654074703038765e-002, 4.163336342344338e-017, 0.000000000000000e+000, 0.000000000000000e+000
 1.750000000000000e+000, 5.881309759582549e-001, 2.011592274601641e-001, 9.658913997204195e-001, 1.515292797957334e+000, 6.995663023521237e-002, 3.132396411167937e+000,-6.091285630602453e-002, 1.224572875671747e-001, 6.716792391958014e-002,-3.469446951953614e-017, 1.110223024625157e-016,-2.775557561562891e-017
 1.758333333333333e+000, 5.795092140242263e-001, 2.006758278095182e-001, 9.640212769494237e-001, 1.513380312671087e+000, 7.111050829824439e-002, 3.129242223394205e+000,-6.147775053643839e-002, 1.223300004424637e-001, 6.773941351216614e-002, 3.469446951953614e-017, 0.000000000000000e+000, 1.387778780781445e-017
 1.766666666666667e+000, 5.707846270587775e-001, 2.001302335333193e-001, 9.621273387270515e-001, 1.511765874997603e+000, 7.215123651507271e-002, 3.126227316569986e+000,-6.191495396985558e-002, 1.217411475812926e-001, 6.825736771284820e-002, 5.551115123125783e-017,-1.110223024625157e-016,-2.775557561562891e-017
 1.775000000000000e+000, 5.619521569869603e-001, 1.995203948952374e-001, 9.602298487173948e-001, 1.510495224062487e+000, 7.308081599637117e-002, 3.123405161007198e+000,-6.221150041000653e-002, 1.206560735494456e-001, 6.873248849115776e-002, 2.775557561562890e-017, 1.110223024625156e-016, 2.775557561562890e-017
 1.783333333333333e+000, 5.530058946308598e-001, 1.988454409133977e-001, 9.583485566936151e-001, 1.509593225156744e+000, 7.389266442957676e-002, 3.120816945115061e+000,-6.236374653009272e-002, 1.190663340414494e-001, 6.918252808153512e-002,-6.938893903907225e-018,-3.330669073875468e-016,-4.163336342344335e-017
 1.791666666666667e+000, 5.439401045240625e-001, 1.981055994289296e-001, 9.565031454049539e-001, 1.509067283528359e+000, 7.457400845089346e-002, 3.118492792602578e+000,-6.237680455744914e-002, 1.169851648310588e-001, 6.962954617338903e-002, 5.551115123125782e-017, 1.110223024625156e-016, 0.000000000000000e+000
 1.800000000000000e+000, 5.347502993960109e-001, 1.973020230544383e-001, 9.547134794439780e-001, 1.508910992174687e+000, 7.510894706236271e-002, 3.116452742911319e+000,-6.226334269697369e-002, 1.144432279784698e-001, 7.009745741739855e-002, 0.000000000000000e+000,-1.110223024625156e-016,-1.387778780781445e-017
 1.808333333333333e+000, 5.254341743730528e-001, 1.964365590395233e-001, 9.529997121526039e-001, 1.509108445580862e+000, 7.548095921395093e-002, 3.114707954860784e+000,-6.204256577537210e-002, 1.114836978298893e-001, 7.060925593678233e-002,-2.775557561562892e-017,-1.110223024625157e-016,-5.551115123125784e-017
 1.816666666666667e+000, 5.159924282805647e-001, 1.955113337811742e-001, 9.513820417142012e-001, 1.509638682428841e+000, 7.567553815616779e-002, 3.113263298867808e+000,-6.173844567887434e-002, 1.081575887498886e-001, 7.118349540668877e-002, 0.000000000000000e+000, 0.000000000000000e+000, 0.000000000000000e+000
 1.825000000000000e+000, 5.064292805763091e-001, 1.945284813022909e-001, 9.498801713180188e-001, 1.510480119909995e+000, 7.568144171970137e-002, 3.112118429007317e+000,-6.137873737859672e-002, 1.045185480443178e-001, 7.183215407841687e-002,-5.551115123125782e-017,-3.330669073875469e-016,-1.387778780781445e-017
 1.833333333333334e+000, 4.967526916145964e-001, 1.934901572451323e-001, 9.485126055156024e-001, 1.511611920853532e+000, 7.549092517623168e-002, 3.111267577907995e+000,-6.099425239723771e-002, 1.006208069160450e-001, 7.255974263993299e-002, 1.387778780781445e-017, 2.220446049250313e-016, 0.000000000000000e+000
 1.841666666666667e+000, 4.869742950579791e-001, 1.923988712770025e-001, 9.472959804029731e-001, 1.513013339253747e+000, 7.509925618725699e-002, 3.110697719054022e+000,-6.061821850306133e-002, 9.651866353841146e-002, 7.336390125261971e-002, 2.081668171172168e-017,-2.220446049250312e-016,-1.387778780781445e-017
 1.850000000000000e+000, 4.771090861587862e-001, 1.912579994979664e-001, 9.462445023457349e-001, 1.514662910471754e+000, 7.450421096963744e-002, 3.110386115809513e+000,-6.028509783331407e-002, 9.226525427713171e-002, 7.423669006861117e-002, 6.938893903907225e-018,-2.220446049250312e-016,-2.775557561562890e-017
 1.858333333333333e+000, 4.671748873542407e-001, 1.900722885648880e-001, 9.453694106171240e-001, 1.516537843811924e+000, 7.370622248479708e-002, 3.110298870562219e+000,-6.002814698026739e-002, 8.791079252550078e-002, 7.516538901454245e-002, 6.245004513516504e-017, 3.330669073875469e-016, 2.775557561562891e-017
 1.866666666666667e+000, 4.571916011713743e-001, 1.888482310318859e-001, 9.446784352061710e-001, 1.518613368548097e+000, 7.270886794986908e-002, 3.110391179318329e+000,-5.987619826240128e-002, 8.350115868345207e-002, 7.613263608558456e-002,-1.387778780781446e-017,-2.220446049250313e-016, 1.387778780781446e-017
 1.875000000000000e+000, 4.471803045354710e-001, 1.875943215231173e-001, 9.441753596228917e-001, 1.520862242156736e+000, 7.151857148044805e-002, 3.110608309920791e+000,-5.985135172002871e-002, 7.907655922477423e-002, 7.711707810741311e-002, 6.938893903907230e-018, 1.110223024625157e-016,-1.387778780781446e-017
 1.883333333333333e+000, 4.371622939030030e-001, 1.863211834412445e-001, 9.438597732600713e-001, 1.523254524227745e+000, 7.014344122356286e-002, 3.110886379720017e+000,-5.996816090384403e-002, 7.467021709726580e-002, 7.809519505397429e-002, 6.938893903907227e-018, 3.330669073875469e-016,-1.387778780781445e-017
 1.891666666666667e+000, 4.271581817400372e-001, 1.850413292312997e-001, 9.437270133962394e-001, 1.525758220454809e+000, 6.859249840684734e-002, 3.111153604264209e+000,-6.023321315292862e-002, 7.030715943672235e-002, 7.904339282035877e-002, 0.000000000000000e+000,-1.110223024625157e-016,-5.551115123125783e-017
 1.900000000000000e+000, 4.171871365291998e-001, 1.837682851087327e-001, 9.437683744884911e-001, 1.528339436392147e+000, 6.687649589624334e-002, 3.111334206696952e+000,-6.064382430113995e-002, 6.600589651253462e-002, 7.993897109992074e-002,-4.163336342344336e-017, 1.110223024625156e-016, 0.000000000000000e+000
 1.908333333333333e+000, 4.072661809563778e-001, 1.825150069198172e-001, 9.439715724376929e-001, 1.530966686213654e+000, 6.500880499734141e-002, 3.111353944531304e+000,-6.118765158853780e-002, 6.177697178381579e-002, 8.075953452524187e-002,-4.163336342344336e-017, 0.000000000000000e+000, 4.163336342344336e-017
 1.916666666666667e+000, 3.974098303593157e-001, 1.812924660562343e-001, 9.443216660609959e-001, 1.533612037107712e+000, 6.300635074935124e-002, 3.111146441200469e+000,-6.184316300615123e-002, 5.762601546539335e-002, 8.148253328830750e-002,-2.081668171172168e-017,-2.220446049250313e-016, 1.387778780781445e-017
 1.925000000000000e+000, 3.876299523964593e-001, 1.801087655789058e-001, 9.448023059231465e-001, 1.536252927023174e+000, 6.088916806839873e-002, 3.110656917587775e+000,-6.258226982438853e-002, 5.355509081932854e-002, 8.208606476825049e-002, 6.245004513516504e-017, 4.440892098500625e-016, 0.000000000000000e+000
 1.933333333333333e+000, 3.779357735676939e-001, 1.789688667642007e-001, 9.453971390162843e-001, 1.538872110886435e+000, 5.867929295311924e-002, 3.109843576679455e+000,-6.337369896262561e-002, 4.956545751734531e-002, 8.255101062332262e-002,-6.938893903907228e-018, 0.000000000000000e+000,-5.551115123125783e-017
 1.941666666666667e+000, 3.683340129262213e-001, 1.778748245645639e-001, 9.460911104981676e-001, 1.541456442316040e+000, 5.639949322846682e-002, 3.108677325795986e+000,-6.418633445668384e-002, 4.566067186644576e-002, 8.286348922813831e-002, 3.469446951953614e-017, 0.000000000000000e+000,-1.387778780781446e-017
 1.950000000000000e+000, 3.588292536386690e-001, 1.768264042769765e-001, 9.468713903952625e-001, 1.543995088004058e+000, 5.407247065051624e-002, 3.107141529216726e+000,-6.499195746416815e-002, 4.184892941965798e-002, 8.301589490908748e-002, 2.775557561562891e-017, 0.000000000000000e+000, 1.387778780781445e-017
 1.958333333333334e+000, 3.494244653665285e-001, 1.758217593120658e-001, 9.477277966995474e-001, 1.546477988115590e+000, 5.172060012595914e-002, 3.105233059415385e+000,-6.576718129067741e-002, 3.814400506068887e-002, 8.300549527335616e-002, 2.775557561562891e-017, 0.000000000000000e+000, 0.000000000000000e+000
 1.966666666666667e+000, 3.401214493249763e-001, 1.748579613245299e-001, 9.486528161906864e-001, 1.548894771973115e+000, 4.936563061487886e-002, 3.102963718846036e+000,-6.649480441613551e-002, 3.456524137083188e-002, 8.283179597045497e-002,-1.387778780781446e-017, 2.220446049250314e-016, 1.387778780781446e-017
 1.975000000000000e+000, 3.309211215974910e-001, 1.739314336146766e-001, 9.496413835784955e-001, 1.551233834802413e+000, 4.702796013281274e-002, 3.100360364584930e+000,-6.716476331601118e-002, 3.113727187295605e-002, 8.249468504195971e-002,-4.163336342344338e-017,-4.440892098500627e-016, 1.387778780781446e-017
 1.983333333333333e+000, 3.218236848343059e-001, 1.730383410502914e-001, 9.506904859616799e-001, 1.553481987689117e+000, 4.472578220368151e-002, 3.097463267698367e+000,-6.777454617985196e-002, 2.788886454552035e-002, 8.199372193876606e-002, 0.000000000000000e+000, 0.000000000000000e+000,-2.775557561562890e-017
 1.991666666666667e+000, 3.128287844971713e-001, 1.721749926053393e-001, 9.517985833464586e-001, 1.555624474695361e+000, 4.247501288721334e-002, 3.094323095256736e+000,-6.832848454559816e-002, 2.485070295345016e-002, 8.132779992704335e-002,-2.081668171172168e-017, 0.000000000000000e+000, 1.387778780781445e-017
 2.000000000000000e+000, 3.039357395169539e-001, 1.713383444604444e-001, 9.529648784839729e-001, 1.557644182100207e+000, 4.029066337236698e-002, 3.090997190056196e+000,-6.883530648581601e-002, 2.205337506239707e-002, 8.049496983125333e-002, 3.469446951953614e-017, 1.110223024625157e-016, 2.775557561562891e-017
 2.008333333333334e+000, 2.951437790262413e-001, 1.705264340196825e-001, 9.541885766805494e-001, 1.559521081516896e+000, 3.818887753114209e-002, 3.087546210597308e+000,-6.930459668615062e-002, 1.952517048537328e-002, 7.949225711638583e-002, 6.938893903907227e-018, 3.330669073875469e-016, 2.775557561562891e-017
 2.016666666666667e+000, 2.864521130491715e-001, 1.697384787885053e-001, 9.554682799943610e-001, 1.561234319526918e+000, 3.618794117928870e-002, 3.084031546941423e+000,-6.974402798502453e-002, 1.728787105494619e-002, 7.831531092142730e-002, 2.081668171172168e-017, 0.000000000000000e+000, 5.551115123125782e-017
 2.025000000000000e+000, 2.778597989718453e-001, 1.689747408700259e-001, 9.568015644671656e-001, 1.562766213527648e+000, 3.430752124326442e-002, 3.080512516771985e+000,-7.015841712408384e-002, 1.535157511952195e-002, 7.695879028381281e-002,-6.938893903907228e-018, 0.000000000000000e+000, 1.387778780781446e-017
 2.033333333333333e+000, 2.693654952243828e-001, 1.682364163606116e-001, 9.581847190122281e-001, 1.564105286606657e+000, 3.256671302594549e-002, 3.077042630857641e+000,-7.055014670354547e-002, 1.371160486307458e-002, 7.541823861979058e-002,-2.775557561562891e-017,-3.330669073875469e-016,-2.081668171172168e-017
 2.041666666666667e+000, 2.609672202551970e-001, 1.675255701190593e-001, 9.596125895991566e-001, 1.565247075938691e+000, 3.098196164055023e-002, 3.073665874367905e+000,-7.092004142348149e-002, 1.234886046511945e-002, 7.369267083109103e-002, 6.938893903907228e-018,-3.330669073875470e-016, 6.938893903907228e-018
 2.050000000000000e+000, 2.526622323175107e-001, 1.668450119745017e-001, 9.610784818345672e-001, 1.566193070385819e+000, 2.956573123330020e-002, 3.070414363811128e+000,-7.126802452001095e-002, 1.123311190769899e-002, 7.178678256895424e-002, 4.857225732735060e-017,-2.220446049250313e-016,-6.938893903907228e-018
 2.058333333333334e+000, 2.444470662294871e-001, 1.661981167090466e-001, 9.625741365916475e-001, 1.566948641940975e+000, 2.832604066712241e-002, 3.067307412683251e+000,-7.159340801864973e-002, 1.032784700278247e-002, 6.971280805717456e-002,-6.938893903907225e-018,-1.110223024625156e-016,-1.387778780781445e-017
 2.066666666666666e+000, 2.363176911512919e-001, 1.655886445236174e-001, 9.640897914146687e-001, 1.567521122965186e+000, 2.726674175731736e-002, 3.064351389781052e+000,-7.189484260816352e-002, 9.594863452889865e-003, 6.749216684003458e-002, 3.469446951953614e-017, 2.220446049250313e-016,-1.387778780781445e-017
 2.075000000000000e+000, 2.282697759463004e-001, 1.650205650245606e-001, 9.656143008336890e-001, 1.567918795429690e+000, 2.638878966735936e-002, 3.061540469449077e+000,-7.216972005971552e-002, 8.997379441610921e-003, 6.515600688547815e-002, 2.775557561562891e-017, 1.110223024625157e-016, 2.775557561562891e-017
 2.083333333333333e+000, 2.202990132488404e-001, 1.644978753086266e-001, 9.671353363503921e-001, 1.568150492047769e+000, 2.569218437894416e-002, 3.058858402942562e+000,-7.241332473472185e-002, 8.501863510050906e-003, 6.274407318608986e-002,-2.081668171172169e-017,-3.330669073875470e-016, 2.081668171172169e-017
 2.091666666666667e+000, 2.124013346379381e-001, 1.640243979767610e-001, 9.686397284193209e-001, 1.568225203589426e+000, 2.517734385974779e-002, 3.056281365950579e+000,-7.261877750497132e-002, 8.079176377641592e-003, 6.030209356016945e-002, 0.000000000000000e+000, 0.000000000000000e+000, 0.000000000000000e+000
 2.100000000000000e+000, 2.045728606783979e-001, 1.636035425895755e-001, 9.701139352351780e-001, 1.568151979863324e+000, 2.484499357134218e-002, 3.053782345326003e+000,-7.277844970271034e-002, 7.704487430782565e-003, 5.787751444507337e-002,-4.163336342344337e-017,-2.220446049250313e-016, 6.938893903907228e-018
 2.108333333333333e+000, 1.968097672469115e-001, 1.632379935016401e-001, 9.715444542167516e-001, 1.567940993720684e+000, 2.469607321745126e-002, 3.051336035512372e+000,-7.288506835700004e-002, 7.355451268963066e-003, 5.551479093870724e-002,-2.775557561562891e-017,-2.220446049250313e-016, 0.000000000000000e+000
 2.116666666666667e+000, 1.891079227338800e-001, 1.629294631351179e-001, 9.729181987051454e-001, 1.567605314857962e+000, 2.473009408149096e-002, 3.048922969498653e+000,-7.293392097807309e-002, 7.009734777685960e-003, 5.325053842156613e-002,-1.387778780781445e-017, 0.000000000000000e+000, 2.775557561562891e-017
 2.125000000000000e+000, 1.814627949487977e-001, 1.626784117295288e-001, 9.742227055750613e-001, 1.567162843104447e+000, 2.494524932791520e-002, 3.046531010432262e+000,-7.292303533597544e-002, 6.643249408251097e-003, 5.111182827923064e-002,-1.387778780781445e-017,-2.220446049250313e-016,-6.938893903907227e-018
 2.133333333333333e+000, 1.738693883479986e-001, 1.624839103940273e-001, 9.754462933454292e-001, 1.566637128919265e+000, 2.533820729807279e-002, 3.044155851378914e+000,-7.285353437185381e-002, 6.229656875492456e-003, 4.911578454160256e-002, 1.387778780781445e-017, 0.000000000000000e+000,-1.734723475976807e-017
 2.141666666666667e+000, 1.663223535802840e-001, 1.623437171291053e-001, 9.765780789935574e-001, 1.566056352507895e+000, 2.590498801154539e-002, 3.041801284261990e+000,-7.272866891621233e-002, 5.741625434860861e-003, 4.727009869031822e-002, 2.775557561562891e-017,-3.330669073875469e-016, 2.081668171172168e-017
 2.150000000000000e+000, 1.588162490495700e-001, 1.622546485658927e-001, 9.776078792216758e-001, 1.565450382084190e+000, 2.664275893137025e-002, 3.039479160862010e+000,-7.255172048391544e-002, 5.153787376976703e-003, 4.557398957121406e-002, 0.000000000000000e+000, 0.000000000000000e+000, 0.000000000000000e+000
 2.158333333333333e+000, 1.513457214148840e-001, 1.622130182208771e-001, 9.785261567198845e-001, 1.564847538910059e+000, 2.755114993538266e-002, 3.037208464984387e+000,-7.232412682083422e-002, 4.446045815321406e-003, 4.401972687222248e-002,-2.775557561562891e-017, 0.000000000000000e+000,-1.040834085586084e-017
 2.166666666666667e+000, 1.439053224366796e-001, 1.622147599674597e-001, 9.793241622606398e-001, 1.564273037553057e+000, 2.863152101813205e-002, 3.035013712012472e+000,-7.204525555133633e-002, 3.605693916383724e-003, 4.259454186427573e-002,-4.163336342344337e-017, 3.330669073875470e-016,-1.040834085586084e-017
 2.175000000000000e+000, 1.364891016888796e-001, 1.622552719107451e-001, 9.799942169916907e-001, 1.563748951049350e+000, 2.988461107451590e-002, 3.032923544879286e+000,-7.171370893887284e-002, 2.628291860227570e-003, 4.128228322668348e-002, 4.163336342344337e-017, 0.000000000000000e+000, 4.857225732735060e-017
 2.183333333333334e+000, 1.290902850761515e-001, 1.623293088759737e-001, 9.805299839948469e-001, 1.563294391430047e+000, 3.130804375317098e-002, 3.030970005759809e+000,-7.132913931851745e-002, 1.517923202474109e-003, 4.006434062219294e-002, 1.387778780781445e-017,-2.220446049250313e-016, 1.040834085586084e-017
 2.191666666666666e+000, 1.217011258622514e-001, 1.624310485974298e-001, 9.809266329918465e-001, 1.562925537320103e+000, 3.289436589976824e-002, 3.029188077956314e+000,-7.089394839191185e-002, 2.868532261402096e-004, 3.892038623309281e-002,-4.163336342344335e-017,-2.220446049250312e-016,-1.908195823574487e-017
 2.200000000000000e+000, 1.143129703883906e-001, 1.625542741653945e-001, 9.811808277749817e-001, 1.562655632072293e+000, 3.463016093462001e-002, 3.027614586364634e+000,-7.041417990986762e-002,-1.045263524901031e-003, 3.783019232599569e-002,-1.387778780781446e-017, 4.440892098500626e-016, 1.214306433183765e-017
 2.208333333333333e+000, 1.069162938356189e-001, 1.626927391322418e-001, 9.812906174162923e-001, 1.562494697420351e+000, 3.649436706255105e-002, 3.026286383220122e+000,-6.990147984852672e-002,-2.452317016075610e-003, 3.677548521618860e-002,-1.387778780781445e-017,-2.220446049250313e-016,-1.561251128379126e-017
 2.216666666666667e+000, 9.950133957768396e-002, 1.628404302822527e-001, 9.812551002495435e-001, 1.562449763271036e+000, 3.846087604489745e-002, 3.025236253364700e+000,-6.937106114686732e-002,-3.903159198686175e-003, 3.574347603147633e-002,-1.387778780781445e-017, 2.220446049250312e-016,-6.938893903907225e-018
 2.225000000000000e+000, 9.205840648496594e-002, 1.629920267659043e-001, 9.810741958761414e-001, 1.562525409526653e+000, 4.049827769787617e-002, 3.024489401099571e+000,-6.884277196290184e-002,-5.364950583256134e-003, 3.472712647932944e-002,-1.387778780781445e-017, 0.000000000000000e+000,-2.775557561562891e-017
 2.233333333333333e+000, 8.457828765515221e-002, 1.631432708332714e-001, 9.807483689014553e-001, 1.562724740640506e+000, 4.257169913623349e-002, 3.024060860377112e+000,-6.833992620582899e-002,-6.807437908558689e-003, 3.372450623527953e-002, 0.000000000000000e+000,-1.110223024625156e-016,-1.734723475976807e-017
 2.241666666666667e+000, 7.705249926575002e-002, 1.632912717903383e-001, 9.802784461007076e-001, 1.563049926965164e+000, 4.464440585862972e-002, 3.023954735632080e+000,-6.788803033566743e-002,-8.205993892208094e-003, 3.273721095658685e-002,-2.775557561562892e-017,-2.220446049250314e-016,-5.898059818321145e-017
 2.250000000000000e+000, 6.947331757158905e-002, 1.634346481590910e-001, 9.796655847387432e-001, 1.563502956098394e+000, 4.667885001783034e-002, 3.024164003220811e+000,-6.751377939135075e-002,-9.543468626564543e-003, 3.176929847701562e-002,-4.163336342344337e-017, 1.110223024625157e-016,-1.734723475976807e-017
 2.258333333333333e+000, 6.183377994744514e-002, 1.635735316578917e-001, 9.789113617328336e-001, 1.564086926214530e+000, 4.863746083413179e-002, 3.024670690309055e+000,-6.724432781985225e-002,-1.081201185428942e-002, 3.082678172933924e-002,-4.163336342344336e-017, 0.000000000000000e+000,-4.683753385137378e-017
 2.266666666666667e+000, 5.412781396141667e-002, 1.637094884645202e-001, 9.780178983905784e-001, 1.564806586486644e+000, 5.048424242449023e-002, 3.025447381867510e+000,-6.710580347090264e-002,-1.201381191414554e-002, 2.991689604865459e-002,-4.163336342344336e-017, 2.220446049250313e-016, 2.081668171172168e-017
 2.275000000000000e+000, 4.635029512875070e-002, 1.638453419752182e-001, 9.769880552050151e-001, 1.565667414173810e+000, 5.218650810356240e-002, 3.026459939626213e+000,-6.712130873121337e-002,-1.315943906281364e-002, 2.904670706974323e-002,-1.387778780781446e-017, 3.330669073875470e-016, 3.122502256758253e-017
 2.283333333333333e+000, 3.849717076790757e-002, 1.639847067804185e-001, 9.758256849686141e-001, 1.566674311656140e+000, 5.371833743241838e-002, 3.027669673927628e+000,-6.730671587774940e-002,-1.426419993903385e-002, 2.822282033277379e-002, 2.775557561562892e-017,-2.220446049250314e-016, 1.040834085586084e-017
 2.291666666666667e+000, 3.056480206580955e-002, 1.641317449803169e-001, 9.745361834858286e-001, 1.567829214619183e+000, 5.505841856142735e-002, 3.029036337760681e+000,-6.767206025969122e-002,-1.534349195778130e-002, 2.744900656604050e-002,-4.163336342344337e-017, 1.110223024625157e-016,-3.122502256758253e-017
 2.300000000000000e+000, 2.254974062105000e-002, 1.642907495060867e-001, 9.731269457222953e-001, 1.569127929634569e+000, 5.619207017564687e-002, 3.030520183345936e+000,-6.821864439597393e-002,-1.640648552520096e-002, 2.672667552276548e-002, 4.163336342344336e-017,-6.661338147750938e-016,-1.387778780781445e-017
 2.308333333333334e+000, 1.444808904639892e-002, 1.644660047406780e-001, 9.716078494785956e-001, 1.570555540211619e+000, 5.711053582992709e-002, 3.032084586275871e+000,-6.893869500233905e-002,-1.744882787475347e-002, 2.605474811353254e-002, 0.000000000000000e+000,-1.110223024625156e-016,-1.734723475976807e-017
 2.316666666666666e+000, 6.254779169231561e-003, 1.646616981574273e-001, 9.699915577899323e-001, 1.572082678877975e+000, 5.780969985818163e-002, 3.033698427321629e+000,-6.981543956481745e-002,-1.844658573407369e-002, 2.542980954591379e-002, 0.000000000000000e+000, 0.000000000000000e+000,-2.081668171172169e-017
 2.325000000000000e+000,-2.037256865091527e-003, 1.648817144440427e-001, 9.682935024254937e-001, 1.573665411598287e+000, 5.828777603366575e-002, 3.035338596615522e+000,-7.082422234984438e-002,-1.935477999036268e-002, 2.484562275953106e-002, 5.551115123125780e-017,-1.110223024625156e-016, 6.938893903907225e-018
 2.333333333333333e+000,-1.043791312561855e-002, 1.651292136069730e-001, 9.665315206400836e-001, 1.575249289806583e+000, 5.854228151843310e-002, 3.036992726978445e+000,-7.193461413526277e-002,-2.011117818727218e-002, 2.429187799375861e-002, 0.000000000000000e+000, 0.000000000000000e+000, 2.428612866367529e-017
 2.341666666666667e+000,-1.896028050862977e-002, 1.654060073095675e-001, 9.647251128423602e-001, 1.576777026874734e+000, 5.856844582114462e-002, 3.038660770441584e+000,-7.311181388159439e-002,-2.064474762863877e-002, 2.375332368346925e-002, 0.000000000000000e+000, 0.000000000000000e+000,-6.938893903907227e-018
 2.350000000000000e+000,-2.762074709992501e-002, 1.657122257376730e-001, 9.628948964621560e-001, 1.578194718318980e+000, 5.835591014928809e-002, 3.040355202473145e+000,-7.432076912943740e-002,-2.088289904804624e-002, 2.320968677520073e-002, 0.000000000000000e+000, 3.330669073875469e-016, 2.428612866367529e-017
 2.358333333333333e+000,-3.643813261938109e-002, 1.660460725461050e-001, 9.610619847223014e-001, 1.579457966527562e+000, 5.788918025311007e-002, 3.042098777962295e+000,-7.552796965417935e-002,-2.075890713153038e-002, 2.263746823800328e-002, 0.000000000000000e+000, 0.000000000000000e+000,-2.775557561562891e-017
 2.366666666666667e+000,-4.543224604907328e-002, 1.664039225831461e-001, 9.592477016117709e-001, 1.580534361456253e+000, 5.714855811907826e-002, 3.043921913803624e+000,-7.670433078449566e-002,-2.021551528197899e-002, 2.201213231628938e-002, 2.775557561562891e-017,-1.110223024625156e-016,-1.387778780781445e-017
 2.375000000000000e+000,-5.462183414771001e-002, 1.667806639882344e-001, 9.574734921537454e-001, 1.581403285257309e+000, 5.611259565680227e-002, 3.045860172083431e+000,-7.782784654357391e-002,-1.920614990848570e-002, 2.131014323873355e-002, 2.775557561562890e-017,-2.220446049250312e-016,-1.734723475976807e-017
 2.383333333333333e+000,-6.402225941131606e-002, 1.671703798266849e-001, 9.557609868669941e-001, 1.582053007286840e+000, 5.476116243494222e-002, 3.047951340357813e+000,-7.888596334606417e-002,-1.769397912774329e-002, 2.051115917319522e-002, 0.000000000000000e+000, 0.000000000000000e+000,-3.816391647148975e-017
 2.391666666666667e+000,-7.364330009147793e-002, 1.675673239158314e-001, 9.541319606503681e-001, 1.582475738630163e+000, 5.307952516411851e-002, 3.050230782801824e+000,-7.987598143535715e-002,-1.564938814270469e-002, 1.960121183066213e-002,-8.326672684688674e-017,-1.110223024625157e-016,-1.040834085586084e-017
 2.400000000000000e+000,-8.348759448183678e-002, 1.679670494023222e-001, 9.526080670508621e-001, 1.582660831330833e+000, 5.106247832776756e-002, 3.052725523806346e+000,-8.080351065496401e-002,-1.304543747525420e-002, 1.857624970159257e-002,-4.163336342344336e-017, 3.330669073875469e-016, 3.122502256758252e-017
 2.408333333333333e+000,-9.354948382967777e-002, 1.683671375636530e-001, 9.512099145496807e-001, 1.582591677600877e+000, 4.872084982805292e-002, 3.055448301492368e+000,-8.167699102195691e-002,-9.857432422847649e-003, 1.744450262249366e-002,-4.163336342344336e-017, 3.330669073875469e-016,-3.469446951953613e-018
 2.416666666666667e+000,-1.038148519128466e-001, 1.687678834313228e-001, 9.499563814354800e-001, 1.582242676802712e+000, 4.608295964488041e-002, 3.058394374246108e+000,-8.250604227054206e-002,-6.062298176056791e-003, 1.622621917148585e-002, 1.387778780781446e-017,-2.220446049250313e-016,-3.469446951953614e-018
 2.425000000000000e+000,-1.142615519657001e-001, 1.691725667734713e-001, 9.488638451780505e-001, 1.581579192691719e+000, 4.319419096616040e-002, 3.061540701796913e+000,-8.330048127902683e-002,-1.640721199702636e-003, 1.495170414059737e-002,-2.775557561562891e-017, 3.330669073875469e-016, 1.040834085586084e-017
 2.433333333333334e+000,-1.248604796750770e-001, 1.695872483334172e-001, 9.479454369515274e-001, 1.580559165278202e+000, 4.011444678500920e-002, 3.064847854287707e+000,-8.406983360063712e-002, 3.420046563072773e-003, 1.365827458458844e-002, 4.163336342344336e-017, 0.000000000000000e+000, 5.204170427930420e-017
 2.441666666666666e+000,-1.355770917080958e-001, 1.700201022895224e-001, 9.472103181848419e-001, 1.579137174936822e+000, 3.691444648820763e-002, 3.068263493381363e+000,-8.482247560575715e-002, 9.121601575516208e-003, 1.238687888607665e-002, 1.387778780781445e-017, 1.110223024625156e-016, 2.428612866367529e-017
 2.450000000000000e+000,-1.463732976821325e-001, 1.704805041071832e-001, 9.466631165299180e-001, 1.577270293863180e+000, 3.367066282107434e-002, 3.071726061783941e+000,-8.556493125803417e-002, 1.544858865730488e-002, 1.117918413665934e-002, 4.163336342344336e-017, 0.000000000000000e+000, 2.081668171172168e-017
 2.458333333333333e+000,-1.572097133837798e-001, 1.709779186177177e-001, 9.463036350983215e-001, 1.574924110135086e+000, 3.045913942338729e-002, 3.075169493326210e+000,-8.630148884484662e-002, 2.236407239984468e-002, 1.007473496115867e-002,-2.775557561562891e-017, 0.000000000000000e+000,-1.387778780781446e-017
 2.466666666666667e+000,-1.680481831062854e-001, 1.715205571473608e-001, 9.461269127182556e-001, 1.572078167392983e+000, 2.734869727596534e-002, 3.078530839961867e+000,-8.703428626607022e-002, 2.980712555540078e-002, 9.106835309109008e-003, 4.163336342344336e-017, 0.000000000000000e+000, 1.040834085586084e-017
 2.475000000000000e+000,-1.788543397264272e-001, 1.721140637740858e-001, 9.461236299513651e-001, 1.568731037362346e+000, 2.439385978768405e-002, 3.081759724874507e+000,-8.776421292930033e-002, 3.769141735508942e-002, 8.298008363670140e-003, 0.000000000000000e+000,-2.220446049250313e-016, 2.428612866367529e-017
 2.483333333333333e+000,-1.895998219032071e-001, 1.727606207099945e-001, 9.462807391823238e-001, 1.564904832809120e+000, 2.162866801873453e-002, 3.084825749118792e+000,-8.849202482146833e-002, 4.590406395214161e-002, 7.658028639097004e-003, 0.000000000000000e+000,-3.330669073875470e-016, 2.081668171172169e-017
 2.491666666666667e+000,-2.002636574881012e-001, 1.734585850895407e-001, 9.465821730040304e-001, 1.560648185645330e+000, 1.906385345668804e-002, 3.087721610549252e+000,-8.921823201531980e-002, 5.430591568810683e-002, 7.185454619713766e-003,-2.775557561562891e-017, 2.220446049250313e-016,-1.387778780781445e-017
 2.500000000000000e+000,-2.108325487754506e-001, 1.742027618351890e-001, 9.470100465920754e-001, 1.556034309159798e+000, 1.668750639715722e-002, 3.090462377755792e+000,-8.994270966115578e-002, 6.273759086590136e-002, 6.871341989557271e-003, 2.775557561562891e-017,-1.110223024625156e-016,-3.816391647148975e-017
 2.508333333333333e+000,-2.212996856609201e-001, 1.749849200164571e-001, 9.475455235818614e-001, 1.551157140119982e+000, 1.447253653479508e-002, 3.093081323796286e+000,-9.066174011704288e-002, 7.102779341587420e-002, 6.703553862987402e-003,-1.387778780781446e-017, 0.000000000000000e+000,-2.081668171172169e-017
 2.516666666666667e+000,-2.316629317386920e-001, 1.757947751622229e-001, 9.481704910510145e-001, 1.546121486253869e+000, 1.238456230816287e-002, 3.095623714293769e+000,-9.136726708023976e-002, 7.900840239690490e-002, 6.671148102203171e-003, 0.000000000000000e+000, 1.110223024625156e-016,-3.816391647148975e-017
 2.525000000000000e+000,-2.419227252673939e-001, 1.766207509027866e-001, 9.488689154850871e-001, 1.541034913601248e+000, 1.039135649318057e-002, 3.098139691012517e+000,-9.204607606506093e-002, 8.652691689172144e-002, 6.767174824864965e-003,-2.775557561562891e-017,-1.110223024625156e-016, 2.081668171172168e-017
 2.533333333333333e+000,-2.520803483368853e-001, 1.774506030628809e-001, 9.496280604268366e-001, 1.536001523339626e+000, 8.469593555754829e-003, 3.100677640969138e+000,-9.268116412148636e-002, 9.345569680345622e-002, 6.989799773175027e-003, 1.387778780781445e-017, 0.000000000000000e+000, 1.734723475976807e-017
 2.541666666666667e+000,-2.621368348125972e-001, 1.782719312435795e-001, 9.504392226863974e-001, 1.531118052810058e+000, 6.607963924089910e-003, 3.103278943189823e+000,-9.325472794324223e-002, 9.969738698766412e-002, 7.342101697800901e-003,-5.551115123125782e-017,-1.110223024625156e-016,-3.469446951953614e-017
 2.550000000000000e+000,-2.720926043455758e-001, 1.790725732951355e-001, 9.512977385278137e-001, 1.526471304632757e+000, 4.807301613370729e-003, 3.105974835701465e+000,-9.375115715549440e-002, 1.051875149341514e-001, 7.830474647244061e-003, 4.857225732735060e-017, 0.000000000000000e+000,-2.081668171172169e-017
 2.558333333333333e+000,-2.819476600702087e-001, 1.798408608835857e-001, 9.522022656684414e-001, 1.522136072206323e+000, 3.079012499160649e-003, 3.108785568384935e+000,-9.415869136629518e-002, 1.098949293197701e-001, 8.461820978555863e-003, 4.163336342344336e-017, 3.330669073875469e-016,-3.469446951953614e-017
 2.566666666666666e+000,-2.917020757022853e-001, 1.805657619939207e-001, 9.531536080159252e-001, 1.518173709570515e+000, 1.442805018163851e-003, 3.111721192307476e+000,-9.446936879155926e-002, 1.138198306700036e-001, 9.240614560210725e-003,-4.163336342344337e-017,-1.110223024625157e-016, 6.938893903907228e-018
 2.575000000000000e+000,-3.013564897931317e-001, 1.812370262458652e-001, 9.541534232303315e-001, 1.514631251796885e+000,-7.580741740431662e-005, 3.114782776803287e+000,-9.467785032371597e-002, 1.169897666553892e-001, 1.016702050427666e-002, 2.081668171172169e-017, 0.000000000000000e+000,-6.938893903907228e-018
 2.583333333333333e+000,-3.109123494945775e-001, 1.818455045447102e-001, 9.552030813106350e-001, 1.511540365208190e+000,-1.447950203133042e-003, 3.117963038140341e+000,-9.478007228911684e-002, 1.194548118713024e-001, 1.123659069883562e-002,-2.775557561562891e-017, 0.000000000000000e+000, 0.000000000000000e+000
 2.591666666666667e+000,-3.203718597847026e-001, 1.823836278309798e-001, 9.563028201876390e-001, 1.508916190814084e+000,-2.643357326963303e-003, 3.121246671373779e+000,-9.477202857250425e-002, 1.212824014411578e-001, 1.244111439712533e-002, 0.000000000000000e+000, 1.110223024625156e-016,-2.775557561562891e-017
 2.600000000000000e+000,-3.297378053101026e-001, 1.828458184344727e-001, 9.574512541127819e-001, 1.506756802846666e+000,-3.631831361795124e-003, 3.124611423563303e+000,-9.464878321671905e-002, 1.225519059657741e-001, 1.376982399150017e-002,-1.387778780781446e-017, 3.330669073875470e-016,-1.387778780781446e-017
 2.608333333333333e+000,-3.390134136262476e-001, 1.832287035141721e-001, 9.586452578667577e-001, 1.505044067563597e+000,-4.384993511709734e-003, 3.128029924734689e+000,-9.440461771676381e-002, 1.233489596235276e-001, 1.521060543340426e-002, 2.081668171172169e-017, 1.110223024625157e-016, 0.000000000000000e+000
 2.616666666666667e+000,-3.482023644089582e-001, 1.835311409371397e-001, 9.598802025778589e-001, 1.503746570577925e+000,-4.879043872435096e-003, 3.131471659621362e+000,-9.403496080776004e-002, 1.237592287951417e-001, 1.675111693165628e-002,-2.081668171172168e-017, 0.000000000000000e+000,-1.387778780781445e-017
 2.625000000000000e+000,-3.573089248585807e-001, 1.837540271003088e-001, 9.611504074463459e-001, 1.502824099329418e+000,-5.098063048400325e-003, 3.134905283971468e+000,-9.353928727174581e-002, 1.238623029432816e-001, 1.837954777456929e-002, 0.000000000000000e+000, 1.110223024625157e-016, 0.000000000000000e+000
 2.633333333333333e+000,-3.663380413894615e-001, 1.838998488937105e-001, 9.624495649113473e-001, 1.502232174027222e+000,-5.036505898709631e-003, 3.138301789770894e+000,-9.292348805812430e-002, 1.237273273851121e-001, 2.008469733792103e-002,-6.938893903907228e-018, 2.220446049250313e-016, 0.000000000000000e+000
 2.641666666666667e+000,-3.752952610810393e-001, 1.839720473650262e-001, 9.637709419238352e-001, 1.501925893690425e+000,-4.699846525716422e-003, 3.141637917544039e+000,-9.220072958442276e-002, 1.234108552446598e-001, 2.185524730497588e-002, 0.000000000000000e+000, 3.330669073875468e-016, 6.938893903907225e-018
 2.650000000000000e+000,-3.841865116164101e-001, 1.839743580342717e-001, 9.651073533810594e-001, 1.501863107679502e+000,-4.103354755522037e-003, 3.144898378489273e+000,-9.139074765961225e-002, 1.229562445648881e-001, 2.367862671084709e-002, 6.938893903907227e-018, 0.000000000000000e+000,-3.469446951953614e-017
 2.658333333333333e+000,-3.930177764190430e-001, 1.839103090146118e-001, 9.664510134357559e-001, 1.502006165813363e+000,-3.269523204829206e-003, 3.148076180311001e+000,-9.051803435329438e-002, 1.223947457281927e-001, 2.554034115209715e-002, 1.734723475976807e-017, 3.330669073875468e-016,-6.938893903907225e-018
 2.666666666666667e+000,-4.017946282209271e-001, 1.837829398776086e-001, 9.677933262713524e-001, 1.502321453587795e+000,-2.224506612253041e-003, 3.151171458979393e+000,-8.960936288815605e-002, 1.217488399813630e-001, 2.742421634881126e-002, 3.469446951953614e-017, 1.110223024625156e-016, 0.000000000000000e+000
 2.675000000000000e+000,-4.105216652943332e-001, 1.835946781469790e-001, 9.691246677511535e-001, 1.502777889657967e+000,-9.939837300965149e-004, 3.154189492861228e+000,-8.869100465960736e-002, 1.210364316050328e-001, 2.931312672449214e-002, 1.387778780781445e-017, 3.330669073875469e-016, 1.387778780781445e-017
 2.683333333333333e+000,-4.192021108037451e-001, 1.833473609566437e-001, 9.704342919203517e-001, 1.503346226815089e+000, 4.005268532116801e-004, 3.157138385937679e+000,-8.778605228807007e-002, 1.202735675260652e-001, 3.118990293966483e-002, 3.816391647148976e-017, 0.000000000000000e+000, 1.387778780781446e-017
 2.691666666666666e+000,-4.278378365729909e-001, 1.830424329853340e-001, 9.717104877961398e-001, 1.503998960997332e+000, 1.943676230252933e-003, 3.160026964676557e+000,-8.691243057205524e-002, 1.194756245887511e-001, 3.303866207351017e-002, 2.775557561562890e-017,-2.220446049250312e-016,-1.387778780781445e-017
 2.700000000000000e+000,-4.364296748849017e-001, 1.826812170418882e-001, 9.729408880806051e-001, 1.504709803626163e+000, 3.626822269008567e-003, 3.162864196290708e+000,-8.608178057122604e-002, 1.186581456639426e-001, 3.484574800484332e-002, 0.000000000000000e+000,-1.110223024625156e-016,-1.387778780781445e-017
 2.708333333333333e+000,-4.449776369373237e-001, 1.822651493211467e-001, 9.741126976433734e-001, 1.505453103688088e+000, 5.448374464119610e-003, 3.165660905476808e+000,-8.529888306248938e-002, 1.178369360152433e-001, 3.659890085801586e-002, 4.510281037539698e-017, 2.220446049250313e-016, 0.000000000000000e+000
 2.716666666666667e+000,-4.534810052958023e-001, 1.817960045821138e-001, 9.752128409428881e-001, 1.506203939392331e+000, 7.413879840445059e-003, 3.168431863234771e+000,-8.456171336836919e-002, 1.170269583434267e-001, 3.828553415415311e-002, 2.255140518769849e-017, 2.220446049250313e-016,-4.163336342344336e-017
 2.725000000000000e+000,-4.619385912210878e-001, 1.812760612895298e-001, 9.762282308027861e-001, 1.506938651360217e+000, 9.534722564891185e-003, 3.171195562593705e+000,-8.386257080156818e-002, 1.162410885671555e-001, 3.989215633448726e-002,-1.561251128379126e-017,-1.110223024625157e-016,-2.775557561562891e-017
 2.733333333333333e+000,-4.703492104364135e-001, 1.807081299938218e-001, 9.771461843607002e-001, 1.507635648138933e+000, 1.182565004813263e-002, 3.173971323358877e+000,-8.319000842443665e-002, 1.154891134234016e-001, 4.140519510159328e-002, 6.938893903907227e-018, 1.110223024625156e-016, 0.000000000000000e+000
 2.741666666666667e+000,-4.787121367925205e-001, 1.800955261902258e-001, 9.779547853273680e-001, 1.508276122932322e+000, 1.430260653529358e-002, 3.176775491702268e+000,-8.253043305448694e-002, 1.147769532560464e-001, 4.281221818873739e-002, 2.081668171172168e-017,-2.220446049250313e-016, 1.387778780781445e-017
 2.750000000000000e+000,-4.870274067789239e-001, 1.794420669150836e-001, 9.786430781332931e-001, 1.508843343686584e+000, 1.698151433061912e-002, 3.179618714958883e+000,-8.186865746918400e-002, 1.141075676120509e-001, 4.410275243796023e-002,-3.122502256758253e-017, 1.110223024625157e-016, 5.551115123125783e-017
 2.758333333333333e+000,-4.952960620143204e-001, 1.787520676449773e-001, 9.792011906753282e-001, 1.509320431105172e+000, 1.987714280415354e-002, 3.182504570896480e+000,-8.118818484908458e-002, 1.134836611182593e-001, 4.526854021568850e-002,-3.469446951953614e-018,-1.110223024625157e-016, 0.000000000000000e+000
 2.766666666666667e+000,-5.035204417196423e-001, 1.780302512775864e-001, 9.796204859985253e-001, 1.509688899437948e+000, 2.300113194276143e-002, 3.185428457344794e+000,-8.047239612310746e-002, 1.129094632281232e-001, 4.630362304900199e-002, 1.387778780781446e-017, 1.110223024625157e-016,-2.775557561562891e-017
 2.775000000000000e+000,-5.117045496300948e-001, 1.772815080367417e-001, 9.798937223745178e-001, 1.509929254400590e+000, 2.635927069714183e-002, 3.188376469588976e+000,-7.970661324100119e-002, 1.123901321921809e-001, 4.720451051370624e-002, 6.071532165918824e-017, 2.220446049250313e-016,-1.387778780781445e-017
 2.783333333333333e+000,-5.198544136316550e-001, 1.765105839903235e-001, 9.800151920942104e-001, 1.510022576039087e+000, 2.994859458830779e-002, 3.191324846593661e+000,-7.888047559298295e-002, 1.119300446170617e-001, 4.797039276507362e-002, 0.000000000000000e+000, 0.000000000000000e+000, 0.000000000000000e+000
 2.791666666666667e+000,-5.279783273891472e-001, 1.757217494763092e-001, 9.799808351239376e-001, 1.509952180754219e+000, 3.375484252539795e-002, 3.194240220431977e+000,-7.799022358795096e-002, 1.115310708055719e-001, 4.860341429794966e-002,-2.081668171172168e-017, 3.330669073875469e-016, 1.387778780781445e-017
 2.800000000000000e+000,-5.360869412266711e-001, 1.749184313922052e-001, 9.797882707208223e-001, 1.509704725343366e+000, 3.775092545876047e-002, 3.197080470661404e+000,-7.704016575961226e-002, 1.111916890758927e-001, 4.910901194927891e-002, 1.734723475976807e-017, 2.220446049250313e-016, 2.775557561562891e-017
 2.808333333333334e+000,-5.441932260317103e-001, 1.741029494707951e-001, 9.794366916150492e-001, 1.509269885243171e+000, 4.189663192411475e-002, 3.199795772367706e+000,-7.604295195475255e-002, 1.109077347053946e-001, 4.949632910557006e-002, 6.938893903907227e-018, 0.000000000000000e+000, 1.387778780781445e-017
 2.816666666666666e+000,-5.523122385927485e-001, 1.732765458261627e-001, 9.789266112896728e-001, 1.508639015853959e+000, 4.613944468101239e-002, 3.202329967573357e+000,-7.501901676924734e-002, 1.106738881341673e-001, 4.977865907203530e-002,-6.938893903907227e-017,-2.220446049250313e-016, 4.163336342344336e-017
 2.825000000000000e+000,-5.604605596997099e-001, 1.724396469181962e-001, 9.782594618468519e-001, 1.507804162690550e+000, 5.041653204749630e-002, 3.204623276703047e+000,-7.399547584036292e-002, 1.104843034237790e-001, 4.997333154496332e-002,-5.204170427930421e-018, 3.330669073875470e-016, 1.387778780781446e-017
 2.833333333333333e+000,-5.686555427337674e-001, 1.715920674810920e-001, 9.774371345396926e-001, 1.506758116349703e+000, 5.465747387932129e-002, 3.206616615867394e+000,-7.300459210346252e-002, 1.103321940133478e-001, 5.010050744794950e-002,-1.734723475976807e-018,-2.220446049250313e-016, 0.000000000000000e+000
 2.841666666666667e+000,-5.769146744708589e-001, 1.707330493832938e-001, 9.764616552799450e-001, 1.505494498176194e+000, 5.878704202807294e-002, 3.208256065329214e+000,-7.208177059947757e-002, 1.102101932554736e-001, 5.018155289906292e-002, 5.204170427930419e-018, 3.330669073875468e-016, 1.387778780781445e-017
 2.850000000000000e+000,-5.852550034447585e-001, 1.698613338992153e-001, 9.753350883319634e-001, 1.504006901275227e+000, 6.272853129419209e-002, 3.209496115912335e+000,-7.126261060371780e-002, 1.101124964544828e-001, 5.023804302607135e-002,-1.561251128379126e-017,-3.330669073875469e-016,-5.551115123125782e-017
 2.858333333333333e+000,-5.936923531327771e-001, 1.689752975177975e-001, 9.740596180282422e-001, 1.502288969264813e+000, 6.640867903511882e-002, 3.210301834176292e+000,-7.057866141146479e-002, 1.100358992866435e-001, 5.029116014801579e-002,-1.734723475976807e-017,-1.110223024625157e-016, 4.163336342344337e-017
 2.866666666666667e+000,-6.022403068952640e-001, 1.680729698808187e-001, 9.726377950270158e-001, 1.500337713519793e+000, 6.976394397726038e-002, 3.210650700141852e+000,-7.005243857004846e-002, 1.099764636072553e-001, 5.036036774375847e-002, 3.469446951953614e-017, 1.110223024625156e-016,-2.775557561562891e-017
 2.875000000000000e+000,-6.109092222525844e-001, 1.671519325916283e-001, 9.710730351255976e-001, 1.498159533101542e+000, 7.274654897900446e-002, 3.210534448381109e+000,-6.969319196971292e-002, 1.099222654185712e-001, 5.046101686442533e-002, 2.775557561562890e-017, 3.330669073875468e-016, 0.000000000000000e+000
 2.883333333333333e+000,-6.197055336741398e-001, 1.662091648087752e-001, 9.693704006323504e-001, 1.495777233594147e+000, 7.532851595718904e-002, 3.209960765759106e+000,-6.949503435692375e-002, 1.098445856204991e-001, 5.060153857300308e-002, 1.040834085586084e-017, 0.000000000000000e+000, 2.775557561562891e-017
