Main.Studies.MarkerTracking.t,Main.Studies.MarkerTracking.JointAngleOutputs.OutputFile1.PelvisPosX,Main.Studies.MarkerTracking.JointAngleOutputs.OutputFile1.PelvisPosY,Main.Studies.MarkerTracking.JointAngleOutputs.OutputFile1.PelvisPosZ,Main.Studies.MarkerTracking.JointAngleOutputs.OutputFile1.PelvisRotX,Main.Studies.MarkerTracking.JointAngleOutputs.OutputFile1.PelvisRotY,Main.Studies.MarkerTracking.JointAngleOutputs.OutputFile1.PelvisRotZ,Main.Studies.MarkerTracking.JointAngleOutputs.OutputFile1.PelvisThoraxExtension,Main.Studies.MarkerTracking.JointAngleOutputs.OutputFile1.PelvisThoraxLateralBending,Main.Studies.MarkerTracking.JointAngleOutputs.OutputFile1.PelvisThoraxRotation,Main.Studies.MarkerTracking.JointAngleOutputs.OutputFile1.SkullThoraxFlexion,Main.Studies.MarkerTracking.JointAngleOutputs.OutputFile1.SkullThoraxLateralBending,Main.Studies.MarkerTracking.JointAngleOutputs.OutputFile1.SkullThoraxRotation
 6.250000000000000e+000, 1.481422716249989e-001, 1.896450195833231e-001, 1.462360163322151e+000,-1.654209762550853e+000,-2.941485792023848e+000, 1.805504731744945e-002,-5.515109591480220e-001, 6.108401455772804e-002,-5.671631890553576e-002, 1.110223024625156e-016, 2.220446049250313e-016,-2.775557561562891e-017
 6.258333333333334e+000, 1.443169789461546e-001, 1.898758753926522e-001, 1.461824167884580e+000,-1.652175916635355e+000,-2.942162473086221e+000, 1.961462875314846e-002,-5.510285648209339e-001, 6.123066935762179e-002,-5.717448836820645e-002, 2.775557561562891e-017,-2.220446049250313e-016, 1.110223024625156e-016
 6.266666666666667e+000, 1.404459625380923e-001, 1.901091432128591e-001, 1.461281674129281e+000,-1.650136930867805e+000,-2.942897919044276e+000, 2.117943591312876e-002,-5.506223671657390e-001, 6.147015794863351e-002,-5.768296217202768e-002, 2.775557561562891e-017, 0.000000000000000e+000, 2.775557561562891e-017
 6.275000000000000e+000, 1.365319789752313e-001, 1.903456745165322e-001, 1.460736181707749e+000,-1.648121065735972e+000,-2.943680719294665e+000, 2.275263336006539e-002,-5.503116855491516e-001, 6.182858452309939e-002,-5.825328206372376e-002, 0.000000000000000e+000, 2.220446049250313e-016, 0.000000000000000e+000
 6.283333333333333e+000, 1.325759374001311e-001, 1.905864691949241e-001, 1.460191244483766e+000,-1.646155885853338e+000,-2.944497260380506e+000, 2.434256747448815e-002,-5.501106715587721e-001, 6.232719342135761e-002,-5.889945966323421e-002,-2.775557561562891e-017, 3.330669073875470e-016, 2.775557561562891e-017
 6.291666666666667e+000, 1.285770011894802e-001, 1.908327700799525e-001, 1.459650421321720e+000,-1.644267400170549e+000,-2.945334123510581e+000, 2.596151153117132e-002,-5.500258028913987e-001, 6.298161354681761e-002,-5.963575783557024e-002, 2.775557561562891e-017, 4.440892098500626e-016, 1.110223024625157e-016
 6.300000000000000e+000, 1.245328197642429e-001, 1.910861739862590e-001, 1.459117321628899e+000,-1.642479313899843e+000,-2.946179367612169e+000, 2.762427480737362e-002,-5.500554671889065e-001, 6.380128515563112e-002,-6.047455628004719e-002, 0.000000000000000e+000,-1.110223024625156e-016, 5.551115123125782e-017
 6.308333333333334e+000, 1.204399086507709e-001, 1.913487716826207e-001, 1.458595664274723e+000,-1.640812846584904e+000,-2.947023873620245e+000, 2.934668462932377e-002,-5.501901219699723e-001, 6.478928487341129e-002,-6.142437193121816e-002,-5.551115123125782e-017, 2.220446049250313e-016, 5.551115123125782e-017
 6.316666666666666e+000, 1.162941231102020e-001, 1.916232735361368e-001, 1.458089316487568e+000,-1.639287187128901e+000,-2.947862714964632e+000, 3.114384009426674e-002,-5.504128665902266e-001, 6.594290651230074e-002,-6.248787921793512e-002, 0.000000000000000e+000, 0.000000000000000e+000, 0.000000000000000e+000
 6.325000000000000e+000, 1.120912959060930e-001, 1.919129610478133e-001, 1.457602236683585e+000,-1.637919691686970e+000,-2.948696190957042e+000, 3.302764905108768e-002,-5.507007615489473e-001, 6.725493637253244e-002,-6.365994392944960e-002,-1.110223024625157e-016, 2.220446049250313e-016,-5.551115123125783e-017
 6.333333333333333e+000, 1.078282366832317e-001, 1.922212979612505e-001, 1.457138255509263e+000,-1.636724660381683e+000,-2.949530099453665e+000, 3.500292489241463e-002,-5.510275837966292e-001, 6.871502479906248e-002,-6.492517923680657e-002, 8.326672684688673e-017,-1.110223024625156e-016, 5.551115123125782e-017
 6.341666666666667e+000, 1.035038897926471e-001, 1.925513281508408e-001, 1.456700829511017e+000,-1.635711462669939e+000,-2.950375107123997e+000, 3.706324024293650e-002,-5.513676846457296e-001, 7.031123469539304e-002,-6.625569656542335e-002, 2.775557561562891e-017, 0.000000000000000e+000,-5.551115123125782e-017
 6.350000000000000e+000, 9.911998543020383e-002, 1.929052456340092e-001, 1.456293030777326e+000,-1.634884021137657e+000,-2.951245342905718e+000, 3.918954015680987e-002,-5.516992683809312e-001, 7.203172401003306e-002,-6.761178344182833e-002,-8.326672684688674e-017, 4.440892098500626e-016, 8.326672684688674e-017
 6.358333333333333e+000, 9.468087730531988e-002, 1.932843024875369e-001, 1.455917810760255e+000,-1.634241864358548e+000,-2.952156633336069e+000, 4.135255679029548e-002,-5.520058371671125e-001, 7.386558728098142e-002,-6.894678459366520e-002,-5.551115123125784e-017, 0.000000000000000e+000,-5.551115123125784e-017
 6.366666666666667e+000, 9.019290527351034e-002, 1.936889257001582e-001, 1.455578364922609e+000,-1.633781495441841e+000,-2.953124827763300e+000, 4.351711085067800e-002,-5.522762822460355e-001, 7.580248173099566e-002,-7.021392638356011e-002, 2.775557561562891e-017,-4.440892098500626e-016,-2.775557561562891e-017
 6.375000000000000e+000, 8.566369315792360e-002, 1.941189443403859e-001, 1.455278482076852e+000,-1.633497368998875e+000,-2.954164437297660e+000, 4.564599032441041e-002,-5.525045824638125e-001, 7.783128948448828e-002,-7.137212799880301e-002, 2.775557561562891e-017, 0.000000000000000e+000,-8.326672684688673e-017
 6.383333333333334e+000, 8.110151633419101e-002, 1.945739091199368e-001, 1.455022824539619e+000,-1.633382295069363e+000,-2.955287771790144e+000, 4.770217021172796e-002,-5.526890638536730e-001, 7.993793563179821e-002,-7.238935956275358e-002,-2.775557561562891e-017, 1.110223024625157e-016,-1.110223024625157e-016
 6.391666666666667e+000, 7.651475742294292e-002, 1.950534237571001e-001, 1.454817081005695e+000,-1.633427500235288e+000,-2.956504672534612e+000, 4.964956591923331e-002,-5.528310381579182e-001, 8.210356291896896e-002,-7.324366208011650e-002, 5.551115123125780e-017, 0.000000000000000e+000, 0.000000000000000e+000
 6.400000000000000e+000, 7.191151513497095e-002, 1.955573622691209e-001, 1.454667990814118e+000,-1.633622859130255e+000,-2.957822652701481e+000, 5.145347112830123e-002,-5.529335312164595e-001, 8.430463380669391e-002,-7.392283746859263e-002, 5.551115123125782e-017, 1.110223024625156e-016, 8.326672684688673e-017
 6.408333333333333e+000, 6.729937490398821e-002, 1.960859338835268e-001, 1.454583292057072e+000,-1.633957317531356e+000,-2.959247195337091e+000, 5.308118048370147e-002,-5.530005702293702e-001, 8.651468285706003e-002,-7.442323963651180e-002,-2.775557561562890e-017, 0.000000000000000e+000, 0.000000000000000e+000
 6.416666666666667e+000, 6.268525082585832e-002, 1.966396528029138e-001, 1.454571600849305e+000,-1.634419186165764e+000,-2.960782165591968e+000, 5.450232778837272e-002,-5.530365724630454e-001, 8.870643078404754e-002,-7.474773863901876e-002,-5.551115123125783e-017,-1.110223024625157e-016,-2.775557561562891e-017
 6.425000000000000e+000, 5.807527723420061e-002, 1.972192737098094e-001, 1.454642200170738e+000,-1.634996277998936e+000,-2.962430296227718e+000, 5.568865268619749e-002,-5.530456743674325e-001, 9.085375069661056e-002,-7.490343857763615e-002, 0.000000000000000e+000, 2.220446049250313e-016, 5.551115123125782e-017
 6.433333333333334e+000, 5.347480406516962e-002, 1.978257198878912e-001, 1.454804753389126e+000,-1.635676093692031e+000,-2.964193609682205e+000, 5.661358129463467e-002,-5.530313155909229e-001, 9.293352261982142e-002,-7.489952310570541e-002, 2.775557561562891e-017,-3.330669073875469e-016,-2.775557561562891e-017
 6.441666666666666e+000, 4.888847649063430e-002, 1.984599942735320e-001, 1.455068953270064e+000,-1.636446125701617e+000,-2.966073690273937e+000, 5.725229177605451e-002,-5.529961410489132e-001, 9.492725069910733e-002,-7.474548536642992e-002, 0.000000000000000e+000, 0.000000000000000e+000,-2.775557561562891e-017
 6.450000000000000e+000, 4.432030411217414e-002, 1.991230495806372e-001, 1.455444140063624e+000,-1.637294132889739e+000,-2.968071691856491e+000, 5.758269133136240e-002,-5.529422708965959e-001, 9.682210467441356e-002,-7.445043227519312e-002,-5.551115123125783e-017, 5.551115123125783e-016, 5.551115123125783e-017
 6.458333333333333e+000, 3.977366423734484e-002, 1.998156394652849e-001, 1.455938969110445e+000,-1.638208468946989e+000,-2.970188230074897e+000, 5.758712622068041e-002,-5.528716564920407e-001, 9.861121652237304e-002,-7.402391464440269e-002,-5.551115123125783e-017,-1.110223024625157e-016,-5.551115123125783e-017
 6.466666666666667e+000, 3.525128161802364e-002, 2.005381920638482e-001, 1.456561123993342e+000,-1.639178749001412e+000,-2.972423624733440e+000, 5.725421946387765e-002,-5.527857806491019e-001, 1.002936419625917e-001,-7.347778290268797e-002, 0.000000000000000e+000,-1.110223024625156e-016, 8.326672684688673e-017
 6.475000000000001e+000, 3.075526236314111e-002, 2.012906916433397e-001, 1.457317013163223e+000,-1.640196538622510e+000,-2.974778382467797e+000, 5.658038807552357e-002,-5.526848385627112e-001, 1.018744188426102e-001,-7.282781276001366e-002,-1.387778780781446e-016,-2.220446049250314e-016,-5.551115123125784e-017
 6.483333333333333e+000, 2.628720881709518e-002, 2.020725767709913e-001, 1.458211503816185e+000,-1.641255290406174e+000,-2.977253330207683e+000, 5.557080900761680e-002,-5.525673543247892e-001, 1.033639855006663e-001,-7.209432826628145e-002, 0.000000000000000e+000,-3.330669073875469e-016,-5.551115123125782e-017
 6.491666666666667e+000, 2.184838653132910e-002, 2.028827226938202e-001, 1.459247805426243e+000,-1.642349304085135e+000,-2.979849343024606e+000, 5.423964237703505e-002,-5.524306155233532e-001, 1.047760226783460e-001,-7.130221100904829e-002, 8.326672684688670e-017, 1.110223024625156e-016, 2.775557561562890e-017
 6.500000000000000e+000, 1.743989569590129e-002, 2.037195060545486e-001, 1.460427502817412e+000,-1.643472455289312e+000,-2.982567068957868e+000, 5.260953868937479e-002,-5.522715860960764e-001, 1.061249299449196e-001,-7.048058042042013e-002, 5.551115123125783e-017, 1.110223024625157e-016, 8.326672684688674e-017
 6.508333333333334e+000, 1.306284613066054e-002, 2.045808832618010e-001, 1.461750646886254e+000,-1.644617572223052e+000,-2.985406893853757e+000, 5.071053654822366e-002,-5.520877672496599e-001, 1.074248119245636e-001,-6.966167188749163e-002,-2.775557561562891e-017,-2.220446049250313e-016,-2.775557561562891e-017
 6.516666666666667e+000, 8.718565498573083e-003, 2.054644786403489e-001, 1.463215852258373e+000,-1.645776540743434e+000,-2.988369007058306e+000, 4.857833130151734e-002,-5.518777704186870e-001, 1.086896738570341e-001,-6.887884052313228e-002, 5.551115123125782e-017, 3.330669073875469e-016, 2.775557561562891e-017
 6.525000000000000e+000, 4.408719687039736e-003, 2.063677629897647e-001, 1.464820435558658e+000,-1.646941090948583e+000,-2.991453101536952e+000, 4.625223819533142e-002,-5.516418870843993e-001, 1.099339449146014e-001,-6.816446264515554e-002,-2.775557561562891e-017,-4.440892098500626e-016,-1.110223024625157e-016
 6.533333333333333e+000, 1.351339835957977e-004, 2.072883250459389e-001, 1.466560640846318e+000,-1.648104235209051e+000,-2.994657566808808e+000, 4.377367312137626e-002,-5.513826429755785e-001, 1.111733587584789e-001,-6.754867443746719e-002, 1.387778780781445e-016, 0.000000000000000e+000,-2.775557561562891e-017
 6.541666666666667e+000,-4.100605198176288e-003, 2.082240760348087e-001, 1.468431906304663e+000,-1.649261152794878e+000,-2.997978936805368e+000, 4.118532374194395e-002,-5.511044634395581e-001, 1.124252743357743e-001,-6.705918690229183e-002,-2.775557561562891e-017, 2.220446049250313e-016, 5.551115123125782e-017
 6.550000000000000e+000,-8.297452561415772e-003, 2.091732823856180e-001, 1.470429069365907e+000,-1.650408417674433e+000,-3.001412155155076e+000, 3.853021301519455e-002,-5.508122187981538e-001, 1.137072354865522e-001,-6.672145855062869e-002, 8.326672684688673e-017, 3.330669073875469e-016, 2.775557561562891e-017
 6.558333333333334e+000,-1.245501768595078e-002, 2.101345053577860e-001, 1.472546511569139e+000,-1.651542445318750e+000,-3.004950903746709e+000, 3.585046703264938e-002,-5.505100985674829e-001, 1.150346661734881e-001,-6.655868350867869e-002,-2.775557561562890e-017, 1.110223024625156e-016, 2.775557561562890e-017
 6.566666666666666e+000,-1.657363375502130e-002, 2.111065408148271e-001, 1.474778308537553e+000,-1.652658241509323e+000,-3.008587325451522e+000, 3.318642647560788e-002,-5.502016675639262e-001, 1.164192596206022e-001,-6.659145811824369e-002,-1.110223024625157e-016, 3.330669073875470e-016, 5.551115123125783e-017
 6.575000000000000e+000,-2.065443120815000e-002, 2.120883530707613e-001, 1.477118362694238e+000,-1.653748162524712e+000,-3.012311800737605e+000, 3.057600481548750e-002,-5.498898745182306e-001, 1.178683492536401e-001,-6.683637771795804e-002, 0.000000000000000e+000, 0.000000000000000e+000,-5.551115123125780e-017
 6.583333333333334e+000,-2.469925676628750e-002, 2.130789781839279e-001, 1.479560485916479e+000,-1.654800527501130e+000,-3.016113290406655e+000, 2.805329573092186e-002,-5.495765391381877e-001, 1.193849179460476e-001,-6.730303352242308e-002, 0.000000000000000e+000, 3.330669073875468e-016, 0.000000000000000e+000
 6.591666666666667e+000,-2.871029306856177e-002, 2.140774472749669e-001, 1.482098474441302e+000,-1.655798858197319e+000,-3.019979607924383e+000, 2.564614908501017e-002,-5.492628074426095e-001, 1.209678090761024e-001,-6.799048489928017e-002, 5.551115123125783e-017,-2.220446049250313e-016, 0.000000000000000e+000
 6.600000000000001e+000,-3.268955581213556e-002, 2.150827867663961e-001, 1.484726178953793e+000,-1.656722242464054e+000,-3.023897245115983e+000, 2.337402090328355e-002,-5.489506333965873e-001, 1.226116908831773e-001,-6.888504246804698e-002,-2.775557561562891e-017,-3.330669073875469e-016, 5.551115123125782e-017
 6.608333333333333e+000,-3.663857523922609e-002, 2.160940548940530e-001, 1.487437509113788e+000,-1.657546382995034e+000,-3.027851380461933e+000, 2.124743245455596e-002,-5.486433318368607e-001, 1.243065460934864e-001,-6.996043726340896e-002,-2.775557561562890e-017,-1.110223024625156e-016,-5.551115123125780e-017
 6.616666666666667e+000,-4.055827945503018e-002, 2.171103573906669e-001, 1.490226359371166e+000,-1.658244630859441e+000,-3.031826555351787e+000, 1.926881316870643e-002,-5.483446612549463e-001, 1.260366737471478e-001,-7.118028767396116e-002, 8.326672684688670e-017,-2.220446049250312e-016, 0.000000000000000e+000
 6.625000000000000e+000,-4.444892180343474e-002, 2.181308574682733e-001, 1.493086488876989e+000,-1.658788946983850e+000,-3.035807652961956e+000, 1.743399735123719e-002,-5.480576891515003e-001, 1.277798005048628e-001,-7.250182589644659e-002, 1.387778780781446e-016, 0.000000000000000e+000,-8.326672684688674e-017
 6.633333333333334e+000,-4.830998604939381e-002, 2.191547725432176e-001, 1.496011366215888e+000,-1.659151378998513e+000,-3.039780612921221e+000, 1.573463517967566e-002,-5.477842454552545e-001, 1.295076636898626e-001,-7.387981805080714e-002, 5.551115123125780e-017, 2.220446049250312e-016, 1.387778780781445e-016
 6.641666666666667e+000,-5.214003989793625e-002, 2.201812325514913e-001, 1.498993975191094e+000,-1.659306422097613e+000,-3.043732755374806e+000, 1.416240833021165e-002,-5.475250950181206e-001, 1.311892283061637e-001,-7.527091692972400e-002,-8.326672684688674e-017, 1.110223024625157e-016,-2.775557561562891e-017
 6.650000000000000e+000,-5.593656437194484e-002, 2.212089838819683e-001, 1.502026625234682e+000,-1.659233905430064e+000,-3.047652695391520e+000, 1.271430823101483e-002,-5.472809188248919e-001, 1.327960536215762e-001,-7.663838606045814e-002, 0.000000000000000e+000, 4.440892098500626e-016, 1.387778780781446e-016
 6.658333333333333e+000,-5.969598978607268e-002, 2.222362926852108e-001, 1.505100878508015e+000,-1.658921373002444e+000,-3.051529551621463e+000, 1.139531236782254e-002,-5.470537140641476e-001, 1.343069048375954e-001,-7.795438628366586e-002,-1.110223024625156e-016,-1.110223024625156e-016, 5.551115123125780e-017
 6.666666666666667e+000,-6.341411466597835e-002, 2.232613165601140e-001, 1.508207655235792e+000,-1.658365009622536e+000,-3.055351673598843e+000, 1.021630060463652e-002,-5.468476020129129e-001, 1.357088956303088e-001,-7.919812646377983e-002, 5.551115123125783e-017, 3.330669073875470e-016, 1.110223024625157e-016
 6.675000000000000e+000,-6.708668050042058e-002, 2.242826237732052e-001, 1.511337432627759e+000,-1.657569209962931e+000,-3.059105937884752e+000, 9.190222035978302e-003,-5.466684866795277e-001, 1.369960907378101e-001,-8.035288526877803e-002, 0.000000000000000e+000, 0.000000000000000e+000, 2.775557561562891e-017
 6.683333333333334e+000,-7.070975722820454e-002, 2.252994352224560e-001, 1.514480437722435e+000,-1.656545482312774e+000,-3.062777998257436e+000, 8.329979555877998e-003,-5.465232657711950e-001, 1.381680983610352e-001,-8.140500365066337e-002,-5.551115123125783e-017,-2.220446049250313e-016,-2.775557561562891e-017
 6.691666666666666e+000,-7.427987456564159e-002, 2.263116029673258e-001, 1.517626833011482e+000,-1.655311040786817e+000,-3.066352829203494e+000, 7.647954192768758e-003,-5.464194560486154e-001, 1.392291086242916e-001,-8.234446447994229e-002, 5.551115123125780e-017,-3.330669073875468e-016,-8.326672684688670e-017
 6.700000000000000e+000,-7.779400559820399e-002, 2.273195378852089e-001, 1.520766919191255e+000,-1.653887195846633e+000,-3.069815250260223e+000, 7.155850594551705e-003,-5.463650653951874e-001, 1.401865831535681e-001,-8.316554185431499e-002,-1.665334536937735e-016, 0.000000000000000e+000,-1.110223024625156e-016
 6.708333333333334e+000,-8.124949002546059e-002, 2.283241525543216e-001, 1.523891346506060e+000,-1.652297729406359e+000,-3.073150691660093e+000, 6.864485045813495e-003,-5.463681549038366e-001, 1.410495933688567e-001,-8.386709336862622e-002, 0.000000000000000e+000, 1.110223024625156e-016,-2.775557561562891e-017
 6.716666666666667e+000,-8.464395904780551e-002, 2.293267610120777e-001, 1.526991312743948e+000,-1.650567498473503e+000,-3.076346107824350e+000, 6.783863709833415e-003,-5.464361234557761e-001, 1.418274544929503e-001,-8.445300353592669e-002, 5.551115123125782e-017, 3.330669073875469e-016, 0.000000000000000e+000
 6.725000000000001e+000,-8.797529103149587e-002, 2.303289333702279e-001, 1.530058722698447e+000,-1.648721445536391e+000,-3.079390586738139e+000, 6.923716703483240e-003,-5.465751523830833e-001, 1.425290165386287e-001,-8.493287182271929e-002, 0.000000000000000e+000, 1.110223024625157e-016,-2.775557561562892e-017
 6.733333333333333e+000,-9.124162253685889e-002, 2.313323849625989e-001, 1.533086306204418e+000,-1.646783918515202e+000,-3.082275892749909e+000, 7.293936319853867e-003,-5.467893716438035e-001, 1.431621917675969e-001,-8.532215317615086e-002, 1.110223024625156e-016,-1.110223024625156e-016,-1.110223024625156e-016
 6.741666666666667e+000,-9.444128349500734e-002, 2.323388990107609e-001, 1.536067621423536e+000,-1.644778269426730e+000,-3.084995118554877e+000, 7.904457986140923e-003,-5.470822908100307e-001, 1.437335680523720e-001,-8.564065348541269e-002,-1.110223024625157e-016, 2.220446049250313e-016, 8.326672684688674e-017
 6.750000000000000e+000,-9.757293146597473e-002, 2.333501966222824e-001, 1.538997142816072e+000,-1.642725943429179e+000,-3.087544837196393e+000, 8.764845093775175e-003,-5.474537485080305e-001, 1.442474704768565e-001,-8.591097602349561e-002, 0.000000000000000e+000, 0.000000000000000e+000, 8.326672684688670e-017
 6.758333333333334e+000,-1.006354615428523e-001, 2.343677233227467e-001, 1.541870189821045e+000,-1.640645675301968e+000,-3.089923477790734e+000, 9.884471150790830e-003,-5.479022769584424e-001, 1.447056867334205e-001,-8.615655066545183e-002,-5.551115123125782e-017, 2.220446049250313e-016, 2.775557561562891e-017
 6.766666666666667e+000,-1.036280026483174e-001, 2.353924879413598e-001, 1.544682808757249e+000,-1.638552870361903e+000,-3.092131349806934e+000, 1.127281565188909e-002,-5.484252065589267e-001, 1.451073643408787e-001,-8.640044216937658e-002,-5.551115123125783e-017, 1.110223024625157e-016, 2.775557561562891e-017
 6.775000000000000e+000,-1.065499476164427e-001, 2.364250167529871e-001, 1.547431586725094e+000,-1.636459858887682e+000,-3.094170075849568e+000, 1.293896908663728e-002,-5.490189154522864e-001, 1.454494125491335e-001,-8.666375398756768e-002, 0.000000000000000e+000, 0.000000000000000e+000,-8.326672684688673e-017
 6.783333333333333e+000,-1.094010330205902e-001, 2.374653637742827e-001, 1.550113470597375e+000,-1.634377136927303e+000,-3.096041941667326e+000, 1.489017019127115e-002,-5.496787867434835e-001, 1.457279977859026e-001,-8.696333033572307e-002,-5.551115123125783e-017,-1.110223024625157e-016,-2.775557561562891e-017
 6.791666666666667e+000,-1.121813981994149e-001, 2.385131104543395e-001, 1.552725617025893e+000,-1.632314873930842e+000,-3.097749448256740e+000, 1.713004463087620e-002,-5.503992758191034e-001, 1.459409016698219e-001,-8.730953613598731e-002,-2.220446049250313e-016,-3.330669073875469e-016, 0.000000000000000e+000
 6.800000000000001e+000,-1.148915887178621e-001, 2.395673762530013e-001, 1.555265242574502e+000,-1.630284238602695e+000,-3.099295329148731e+000, 1.965717411258128e-002,-5.511739148599122e-001, 1.460900096027864e-001,-8.770503672302650e-002,-1.110223024625157e-016, 1.110223024625157e-016, 2.775557561562891e-017
 6.808333333333334e+000,-1.175325781237081e-001, 2.406268911656270e-001, 1.557729465417419e+000,-1.628298807726593e+000,-3.100682871760745e+000, 2.246415913801414e-002,-5.519949079248495e-001, 1.461832130091900e-001,-8.814487774642033e-002, 0.000000000000000e+000, 1.110223024625156e-016, 8.326672684688673e-017
 6.816666666666666e+000,-1.201058594270500e-001, 2.416901024177810e-001, 1.560115188251988e+000,-1.626375817942715e+000,-3.101916064638446e+000, 2.553710711292334e-002,-5.528525626224379e-001, 1.462347125940172e-001,-8.861789655835671e-002, 5.551115123125783e-017, 0.000000000000000e+000, 5.551115123125783e-017
 6.825000000000000e+000,-1.226135316692516e-001, 2.427552380427760e-001, 1.562419040332303e+000,-1.624537028669134e+000,-3.102999264236190e+000, 2.885541781999379e-002,-5.537352932299414e-001, 1.462646362146647e-001,-8.910870613730428e-002, 5.551115123125780e-017, 2.220446049250312e-016, 0.000000000000000e+000
 6.833333333333334e+000,-1.250584440256220e-001, 2.438202871924410e-001, 1.564637504340638e+000,-1.622809181206710e+000,-3.103937538278341e+000, 3.239266927213880e-002,-5.546291962160946e-001, 1.462994069964151e-001,-8.960041701919676e-002,-5.551115123125782e-017,-2.220446049250313e-016,-5.551115123125782e-017
 6.841666666666667e+000,-1.274441948011050e-001, 2.448831089770836e-001, 1.566766933298543e+000,-1.621224690162163e+000,-3.104735459198800e+000, 3.611566338334260e-002,-5.555195617497761e-001, 1.463734004253819e-001,-9.007357574534375e-002, 5.551115123125782e-017,-1.110223024625156e-016, 8.326672684688673e-017
 6.850000000000001e+000,-1.297753760140882e-001, 2.459415733199285e-001, 1.568804103581171e+000,-1.619818898569965e+000,-3.105396915243894e+000, 3.998468320111526e-002,-5.563913448082983e-001, 1.465247331397112e-001,-9.050734275493935e-002,-5.551115123125783e-017, 0.000000000000000e+000,-5.551115123125783e-017
 6.858333333333333e+000,-1.320576158824749e-001, 2.469937380826612e-001, 1.570746793020981e+000,-1.618625609230777e+000,-3.105924057619684e+000, 4.395346260866884e-002,-5.572311246175882e-001, 1.467885613333700e-001,-9.087947476088219e-002, 5.551115123125783e-017, 0.000000000000000e+000,-2.775557561562891e-017
 6.866666666666667e+000,-1.342974700380583e-001, 2.480379627974599e-001, 1.572594290550478e+000,-1.617672194885382e+000,-3.106316674001997e+000, 4.797016568577384e-002,-5.580287825586024e-001, 1.471901783736668e-001,-9.116679206301484e-002,-1.110223024625157e-016, 0.000000000000000e+000, 0.000000000000000e+000
 6.875000000000000e+000,-1.365021847953777e-001, 2.490729328798521e-001, 1.574347657167752e+000,-1.616975713823066e+000,-3.106572120456526e+000, 5.197931557957514e-002,-5.587782747532846e-001, 1.477400101727766e-001,-9.134642257586151e-002,-5.551115123125783e-017, 3.330669073875470e-016, 1.387778780781446e-016
 6.883333333333334e+000,-1.386793733625241e-001, 2.500975480118416e-001, 1.576009751091464e+000,-1.616540466602103e+000,-3.106686008466569e+000, 5.592473234522677e-002,-5.594774384970690e-001, 1.484315357732453e-001,-9.139781592181137e-002, 0.000000000000000e+000, 1.110223024625156e-016, 5.551115123125782e-017
 6.891666666666667e+000,-1.408366313124713e-001, 2.511107119164357e-001, 1.577585039999896e+000,-1.616357303208629e+000,-3.106653580159500e+000, 5.975307326483081e-002,-5.601272199336835e-001, 1.492424862348226e-001,-9.130490862558292e-002,-1.110223024625157e-016, 1.110223024625157e-016, 0.000000000000000e+000
 6.900000000000000e+000,-1.429811449598474e-001, 2.521110935807452e-001, 1.579079250554696e+000,-1.616404448744061e+000,-3.106471313307686e+000, 6.341736080451899e-002,-5.607307984537209e-001, 1.501383174510383e-001,-9.105827988594951e-002,-1.110223024625156e-016,-1.110223024625156e-016,-2.775557561562891e-017
 6.908333333333333e+000,-1.451193784581386e-001, 2.530969067242025e-001, 1.580498926144426e+000,-1.616649347454444e+000,-3.106138388740557e+000, 6.687987940032691e-002,-5.612925494118672e-001, 1.510768684501427e-001,-9.065696536721025e-002, 5.551115123125782e-017, 0.000000000000000e+000, 5.551115123125782e-017
 6.916666666666667e+000,-1.472569129577661e-001, 2.540657768478775e-001, 1.581850913764179e+000,-1.617051374392050e+000,-3.105657980937411e+000, 7.011366732683610e-002,-5.618163994964650e-001, 1.520134411132912e-001,-9.010908761860570e-002,-5.551115123125783e-017,-2.220446049250313e-016, 0.000000000000000e+000
 6.925000000000001e+000,-1.493983970093352e-001, 2.550147551014760e-001, 1.583141762334020e+000,-1.617564872587018e+000,-3.105038510481263e+000, 7.310235960114442e-002,-5.623035823124020e-001, 1.529048159627870e-001,-8.943107025055957e-002,-1.665334536937734e-016, 2.220446049250312e-016, 1.110223024625156e-016
 6.933333333333334e+000,-1.515475535231767e-001, 2.559404984958402e-001, 1.584377072779584e+000,-1.618141467898496e+000,-3.104294624552312e+000, 7.583870384333480e-002,-5.627505671826737e-001, 1.537107505267389e-001,-8.864589927208376e-002, 1.110223024625156e-016,-1.110223024625156e-016, 2.775557561562890e-017
 6.941666666666667e+000,-1.537072723668337e-001, 2.568395099512210e-001, 1.585560991073915e+000,-1.618731816426832e+000,-3.103446897179149e+000, 7.832253681744339e-002,-5.631486310029147e-001, 1.543942413476300e-001,-8.778096655965925e-002,-1.387778780781445e-016, 0.000000000000000e+000,-2.775557561562890e-017
 6.950000000000000e+000,-1.558797691387712e-001, 2.577082799158731e-001, 1.586696016564798e+000,-1.619287940207804e+000,-3.102519784619495e+000, 8.055908948539559e-002,-5.634857266792860e-001, 1.549232578696206e-001,-8.686567495722554e-002, 1.665334536937735e-016, 1.110223024625156e-016,-1.110223024625156e-016
 6.958333333333334e+000,-1.580667596642724e-001, 2.585433695315582e-001, 1.587783040879896e+000,-1.619766195953887e+000,-3.101538890943887e+000, 8.255737383566952e-002,-5.637491119486007e-001, 1.552736340848615e-001,-8.592885961209727e-002,-5.551115123125783e-017, 2.220446049250313e-016, 1.387778780781446e-016
 6.966666666666667e+000,-1.602696686750052e-001, 2.593415451977383e-001, 1.588821474389832e+000,-1.620130183766509e+000,-3.100528446055878e+000, 8.432821631222254e-002,-5.639273223849197e-001, 1.554311055704208e-001,-8.499650102275279e-002, 5.551115123125783e-017,-2.220446049250313e-016, 0.000000000000000e+000
 6.975000000000001e+000,-1.624898663593011e-001, 2.600999398593386e-001, 1.589809489278922e+000,-1.620353129865441e+000,-3.099508881936172e+000, 8.588247851233222e-002,-5.640120259495255e-001, 1.553921613013523e-001,-8.409000835021957e-002, 8.326672684688674e-017, 0.000000000000000e+000, 5.551115123125783e-017
 6.983333333333333e+000,-1.647288350790242e-001, 2.608161825925331e-001, 1.590744422682717e+000,-1.620419123672671e+000,-3.098494757691636e+000, 8.722952189428090e-002,-5.640001046062193e-001, 1.551640720442851e-001,-8.322464209382113e-002, 8.326672684688674e-017,-5.551115123125783e-016,-1.665334536937735e-016
 6.991666666666667e+000,-1.669882503094601e-001, 2.614882354522057e-001, 1.591623373845378e+000,-1.620323268341150e+000,-3.097492247701101e+000, 8.838028501252460e-002,-5.638966890124879e-001, 1.547651937646146e-001,-8.241249393691298e-002,-2.775557561562891e-017, 2.220446049250313e-016, 1.387778780781445e-016
 7.000000000000000e+000,-1.692699728806588e-001, 2.621145822050233e-001, 1.592443714632863e+000,-1.620071156202057e+000,-3.096499711610261e+000, 8.934336563617062e-002,-5.637141965474459e-001, 1.542232766160241e-001,-8.165900920808931e-002,-2.775557561562891e-017,-2.220446049250313e-016,-1.110223024625156e-016
 7.008333333333334e+000,-1.715760871442844e-001, 2.626941660507734e-001, 1.593203638965666e+000,-1.619677865254846e+000,-3.095507902803887e+000, 9.012754561122005e-002,-5.634716088585856e-001, 1.535738182671735e-001,-8.096606135626371e-002,-2.775557561562891e-017,-3.330669073875469e-016,-1.110223024625156e-016
 7.016666666666668e+000,-1.739088275453855e-001, 2.632265719596929e-001, 1.593902562136232e+000,-1.619165787392706e+000,-3.094502625156683e+000, 9.074006050197658e-002,-5.631914722818612e-001, 1.528560272979274e-001,-8.033162118957529e-002,-1.665334536937735e-016, 1.110223024625156e-016, 1.387778780781445e-016
 7.025000000000000e+000,-1.762703791610197e-001, 2.637121040891222e-001, 1.594541453761464e+000,-1.618561753936000e+000,-3.093467830005176e+000, 9.118612398794923e-002,-5.628971657895804e-001, 1.521082167529101e-001,-7.975083949795864e-002, 0.000000000000000e+000, 0.000000000000000e+000, 1.387778780781445e-016
 7.033333333333334e+000,-1.786626078164609e-001, 2.641517493790107e-001, 1.595123021871322e+000,-1.617894110121396e+000,-3.092388886538239e+000, 9.146919201531034e-002,-5.626102504810389e-001, 1.513640051130188e-001,-7.921753370669289e-002,-5.551115123125780e-017, 4.440892098500624e-016, 1.110223024625156e-016
 7.041666666666667e+000,-1.810868503546854e-001, 2.645470722279354e-001, 1.595651708560211e+000,-1.617190041867440e+000,-3.091255670524613e+000, 9.159145932893553e-002,-5.623478420687273e-001, 1.506498767320518e-001,-7.872544479619335e-002,-2.775557561562891e-017, 0.000000000000000e+000,-2.775557561562891e-017
 7.050000000000001e+000,-1.835438295441363e-001, 2.649001162051359e-001, 1.596133553483289e+000,-1.616473183735992e+000,-3.090064732057299e+000, 9.155414871316081e-002,-5.621205958235607e-001, 1.499834145706777e-001,-7.826857502072794e-002,-8.326672684688670e-017, 0.000000000000000e+000,-5.551115123125780e-017
 7.058333333333334e+000,-1.860336291158258e-001, 2.652133079480445e-001, 1.596575957396424e+000,-1.615761694241829e+000,-3.088820158184776e+000, 9.135798333274803e-002,-5.619318449417563e-001, 1.493722474171145e-001,-7.784113319451605e-002,-5.551115123125783e-017, 0.000000000000000e+000, 0.000000000000000e+000
 7.066666666666667e+000,-1.885556798326194e-001, 2.654893571895029e-001, 1.596987346279802e+000,-1.615067104203835e+000,-3.087533404722017e+000, 9.100392723230444e-002,-5.617777474193880e-001, 1.488142906135635e-001,-7.743733403768949e-002,-1.110223024625157e-016,-1.110223024625157e-016, 5.551115123125783e-017
 7.075000000000000e+000,-1.911087984037202e-001, 2.657311809539191e-001, 1.597376781048352e+000,-1.614393929208992e+000,-3.086222377748851e+000, 9.049370454073236e-002,-5.616480032027214e-001, 1.482990385381077e-001,-7.705021952170225e-002,-1.665334536937735e-016, 0.000000000000000e+000, 0.000000000000000e+000
 7.083333333333334e+000,-1.936913195288763e-001, 2.659418137696712e-001, 1.597753566089137e+000,-1.613739909407224e+000,-3.084909730559469e+000, 8.983047706229819e-002,-5.615272068259957e-001, 1.478097318232208e-001,-7.667031385218336e-002, 5.551115123125780e-017, 1.110223024625156e-016, 5.551115123125780e-017
 7.091666666666667e+000,-1.963012862083439e-001, 2.661242802946021e-001, 1.598126857075565e+000,-1.613096800265301e+000,-3.083620468160971e+000, 8.902015519913897e-002,-5.613969646897641e-001, 1.473262727727321e-001,-7.628544285568084e-002,-1.665334536937734e-016, 0.000000000000000e+000, 2.775557561562890e-017
 7.100000000000001e+000,-1.989366101287966e-001, 2.662814957665281e-001, 1.598505250708534e+000,-1.612451471525374e+000,-3.082379328411016e+000, 8.807294684123157e-002,-5.612382674175482e-001, 1.468278581502140e-001,-7.588115973059371e-002, 0.000000000000000e+000, 0.000000000000000e+000,-5.551115123125783e-017
 7.108333333333333e+000,-2.015951506363522e-001, 2.664162171763607e-001, 1.598896382097655e+000,-1.611787082447652e+000,-3.081208421472452e+000, 8.700493411064914e-002,-5.610336307993139e-001, 1.462945693875021e-001,-7.544168690026201e-002,-2.775557561562891e-017, 0.000000000000000e+000,-2.775557561562891e-017
 7.116666666666667e+000,-2.042747805912940e-001, 2.665309954101428e-001, 1.599306617753344e+000,-1.611084427422193e+000,-3.080125285906359e+000, 8.583952717062360e-002,-5.607690153327387e-001, 1.457084084867408e-001,-7.495210894149033e-002,-2.775557561562891e-017, 0.000000000000000e+000, 0.000000000000000e+000
 7.125000000000000e+000,-2.069735857411223e-001, 2.666281261162100e-001, 1.599740933343557e+000,-1.610323760277264e+000,-3.079141304226337e+000, 8.460811487187359e-002,-5.604353371599062e-001, 1.450545801348901e-001,-7.440068765715614e-002,-8.326672684688673e-017, 0.000000000000000e+000, 8.326672684688673e-017
 7.133333333333334e+000,-2.096902099675616e-001, 2.667096229775950e-001, 1.600202954734172e+000,-1.609487023622279e+000,-3.078260607493522e+000, 8.334969207195986e-002,-5.600290916172913e-001, 1.443231580480621e-001,-7.378015532308517e-002, 0.000000000000000e+000, 3.330669073875470e-016, 0.000000000000000e+000
 7.141666666666668e+000,-2.124241350033605e-001, 2.667772052898859e-001, 1.600695056434705e+000,-1.608559673276018e+000,-3.077479853393341e+000, 8.210966699606948e-002,-5.595520178503071e-001, 1.435102905998481e-001,-7.308868397583992e-002,-2.775557561562891e-017, 3.330669073875470e-016, 2.775557561562891e-017
 7.150000000000000e+000,-2.151757310443620e-001, 2.668323041641134e-001, 1.601218452090335e+000,-1.607531427684286e+000,-3.076788985086127e+000, 8.093754761237859e-002,-5.590101026037067e-001, 1.426179366362444e-001,-7.233018079808611e-002, 8.326672684688673e-017,-3.330669073875469e-016,-8.326672684688673e-017
 7.158333333333334e+000,-2.179461248004817e-001, 2.668760624996954e-001, 1.601773262498494e+000,-1.606396195696280e+000,-3.076172622270720e+000, 7.988365895574656e-002,-5.584123440496132e-001, 1.416522768363634e-001,-7.151330208168388e-002, 0.000000000000000e+000,-3.330669073875470e-016,-5.551115123125783e-017
 7.166666666666667e+000,-2.207369708688456e-001, 2.669093043824186e-001, 1.602358585953879e+000,-1.605151864365634e+000,-3.075611777944654e+000, 7.899586145607396e-002,-5.577698468872055e-001, 1.406217431625451e-001,-7.065086825632039e-002, 1.110223024625156e-016, 2.220446049250313e-016, 0.000000000000000e+000
 7.175000000000001e+000,-2.235502057154011e-001, 2.669325571781776e-001, 1.602972635699891e+000,-1.603800377132400e+000,-3.075085759875551e+000, 7.831642603488076e-002,-5.570952807845667e-001, 1.395352239455814e-001,-6.975993414098274e-002,-5.551115123125784e-017,-2.220446049250314e-016, 0.000000000000000e+000
 7.183333333333334e+000,-2.263878750049793e-001, 2.669461505821433e-001, 1.603612944469990e+000,-1.602347924718295e+000,-3.074574109797623e+000, 7.787885309617337e-002,-5.564019278116933e-001, 1.384006021612187e-001,-6.886054581788288e-002,-1.110223024625156e-016,-2.220446049250313e-016,-5.551115123125782e-017
 7.191666666666667e+000,-2.292520037966817e-001, 2.669502810636590e-001, 1.604276541021836e+000,-1.600804556083991e+000,-3.074058517294632e+000, 7.770539323429215e-002,-5.557021154612234e-001, 1.372235732641590e-001,-6.797365439308799e-002,-8.326672684688674e-017, 0.000000000000000e+000, 0.000000000000000e+000
 7.200000000000000e+000,-2.321444356937012e-001, 2.669450344219566e-001, 1.604960042590529e+000,-1.599182942895641e+000,-3.073524515398652e+000, 7.780568869457794e-002,-5.550059140097405e-001, 1.360064301023961e-001,-6.711963355689930e-002,-2.775557561562891e-017, 2.220446049250313e-016,-2.775557561562891e-017
 7.208333333333334e+000,-2.350666949017664e-001, 2.669304359363395e-001, 1.605659699868230e+000,-1.597497014265539e+000,-3.072962509312798e+000, 7.817600738845032e-002,-5.543206870806546e-001, 1.347472355773187e-001,-6.631639009400120e-002, 5.551115123125783e-017, 4.440892098500626e-016, 2.775557561562891e-017
 7.216666666666667e+000,-2.380199237900349e-001, 2.669064784047980e-001, 1.606371444994563e+000,-1.595761169513785e+000,-3.072368023986605e+000, 7.879903121889953e-002,-5.536512571343052e-001, 1.334405952460760e-001,-6.557655223666664e-002, 0.000000000000000e+000,-3.330669073875470e-016,-2.775557561562891e-017
 7.225000000000001e+000,-2.410048791696511e-001, 2.668730824600372e-001, 1.607090962471847e+000,-1.593989908705261e+000,-3.071741514188526e+000, 7.964491363810877e-002,-5.530002496842452e-001, 1.320798908881709e-001,-6.490558438494884e-002,-5.551115123125782e-017,-2.220446049250313e-016,-1.665334536937735e-016
 7.233333333333333e+000,-2.440220208345461e-001, 2.668300517404345e-001, 1.607813779425581e+000,-1.592197563069242e+000,-3.071087874325099e+000, 8.067409586689411e-002,-5.523683052886400e-001, 1.306593647068088e-001,-6.430194191539369e-002,-2.775557561562890e-017, 0.000000000000000e+000,-2.775557561562890e-017
 7.241666666666667e+000,-2.470716947183040e-001, 2.667770557275205e-001, 1.608535359481255e+000,-1.590398455812561e+000,-3.070415442040219e+000, 8.184136852563206e-002,-5.517543893713179e-001, 1.291757195858589e-001,-6.375854568448069e-002,-1.110223024625157e-016, 1.110223024625157e-016, 5.551115123125783e-017
 7.250000000000000e+000,-2.501543123179734e-001, 2.667135801763368e-001, 1.609251201766717e+000,-1.588607811105580e+000,-3.069734212906294e+000, 8.310053732282974e-002,-5.511570970303156e-001, 1.276304396346441e-001,-6.326533100359626e-002,-2.775557561562891e-017, 2.220446049250313e-016, 1.387778780781445e-016
 7.258333333333334e+000,-2.532704152208271e-001, 2.666390834206767e-001, 1.609956863098901e+000,-1.586842778942677e+000,-3.069055060294847e+000, 8.440404261369672e-002,-5.505752545160797e-001, 1.260317125572604e-001,-6.280791985551028e-002, 2.775557561562891e-017,-3.330669073875469e-016, 0.000000000000000e+000
 7.266666666666668e+000,-2.564207075852094e-001, 2.665528142363893e-001, 1.610648063511354e+000,-1.585122002720520e+000,-3.068387457818404e+000, 8.570868390445252e-002,-5.500099875945100e-001, 1.243952085977433e-001,-6.237166441117047e-002, 5.551115123125782e-017, 0.000000000000000e+000,-5.551115123125782e-017
 7.275000000000000e+000,-2.596058632785523e-001, 2.664539728707200e-001, 1.611320594026233e+000,-1.583463552556704e+000,-3.067740349580319e+000, 8.697373084123017e-002,-5.494634515092458e-001, 1.227403111447265e-001,-6.193985120691501e-002,-2.775557561562891e-017, 1.110223024625156e-016, 8.326672684688673e-017
 7.283333333333334e+000,-2.628263276070517e-001, 2.663416602916149e-001, 1.611970281795198e+000,-1.581882592323381e+000,-3.067122371419378e+000, 8.816289721681159e-002,-5.489383823422651e-001, 1.210864327015250e-001,-6.149647792620090e-002, 0.000000000000000e+000, 2.220446049250313e-016, 1.387778780781445e-016
 7.291666666666667e+000,-2.660822934570690e-001, 2.662149273073009e-001, 1.612593070881581e+000,-1.580390474237033e+000,-3.066541495559509e+000, 8.924515317795612e-002,-5.484381023292407e-001, 1.194514025617305e-001,-6.102777190425054e-002, 5.551115123125783e-017,-1.110223024625157e-016,-5.551115123125783e-017
 7.300000000000001e+000,-2.693738221626956e-001, 2.660728818976842e-001, 1.613185155310880e+000,-1.578994749105935e+000,-3.066004233012179e+000, 9.019467714839502e-002,-5.479664524518404e-001, 1.178509570847319e-001,-6.052195492120242e-002, 1.387778780781446e-016, 2.220446049250313e-016, 1.110223024625157e-016
 7.308333333333334e+000,-2.727008863624955e-001, 2.659146869125137e-001, 1.613743008787104e+000,-1.577699204669430e+000,-3.065515309005026e+000, 9.099088741343886e-002,-5.475271153931839e-001, 1.162983161124523e-001,-5.996925299071048e-002, 5.551115123125780e-017,-2.220446049250312e-016,-2.775557561562890e-017
 7.316666666666667e+000,-2.760633111779307e-001, 2.657395079078537e-001, 1.614263296698462e+000,-1.576504043695853e+000,-3.065078332373489e+000, 9.161797262301219e-002,-5.471222937356423e-001, 1.148039787308554e-001,-5.936216911897493e-002, 0.000000000000000e+000, 3.330669073875470e-016, 5.551115123125783e-017
 7.325000000000001e+000,-2.794607908500934e-001, 2.655464484443721e-001, 1.614742930863731e+000,-1.575406284278080e+000,-3.064694044790890e+000, 9.206608215663792e-002,-5.467547581242720e-001, 1.133753325082379e-001,-5.869728369823483e-002, 2.220446049250313e-016, 2.220446049250313e-016, 8.326672684688674e-017
 7.333333333333334e+000,-2.828928712407083e-001, 2.653348271478480e-001, 1.615178882099746e+000,-1.574399671297389e+000,-3.064363646311222e+000, 9.232642618760556e-002,-5.464238621714190e-001, 1.120140679032765e-001,-5.797171799812234e-002,-8.326672684688673e-017, 3.330669073875469e-016, 2.775557561562891e-017
 7.341666666666667e+000,-2.863589942184192e-001, 2.651040699316076e-001, 1.615568281214372e+000,-1.573475068986977e+000,-3.064087177427381e+000, 9.239311602676636e-002,-5.461278499425222e-001, 1.107158763921763e-001,-5.718557545480492e-002,-5.551115123125782e-017, 0.000000000000000e+000, 0.000000000000000e+000
 7.350000000000001e+000,-2.898585653625324e-001, 2.648536781631902e-001, 1.615908501827873e+000,-1.572621502069691e+000,-3.063863809415905e+000, 9.226281738032593e-002,-5.458641264941101e-001, 1.094719900796860e-001,-5.634155030972492e-002, 5.551115123125783e-017,-1.110223024625157e-016,-5.551115123125783e-017
 7.358333333333334e+000,-2.933911433215816e-001, 2.645831780093552e-001, 1.616197436463916e+000,-1.571828104012984e+000,-3.063690949909526e+000, 9.193505075092112e-002,-5.456309637958374e-001, 1.082722112095383e-001,-5.544447278305056e-002,-1.942890293094024e-016, 3.330669073875469e-016, 0.000000000000000e+000
 7.366666666666667e+000,-2.969565820633945e-001, 2.642920700782205e-001, 1.616433740570362e+000,-1.571085997109156e+000,-3.063563734159762e+000, 9.141238978991417e-002,-5.454287688768921e-001, 1.071074670502908e-001,-5.450142061994513e-002, 5.551115123125782e-017,-1.110223024625156e-016,-2.775557561562891e-017
 7.375000000000001e+000,-3.005550375269925e-001, 2.639798157739279e-001, 1.616616813476175e+000,-1.570389126998555e+000,-3.063475868692795e+000, 9.070016120709612e-002,-5.452595880350371e-001, 1.059711102172120e-001,-5.352169550087398e-002,-8.326672684688674e-017,-2.220446049250313e-016,-5.551115123125783e-017
 7.383333333333334e+000,-3.041869596988451e-001, 2.636459143415141e-001, 1.616746570074254e+000,-1.569734294410509e+000,-3.063421347957363e+000, 8.980552463930591e-002,-5.451249949473735e-001, 1.048591448851005e-001,-5.251549125569681e-002, 0.000000000000000e+000, 2.220446049250313e-016, 1.387778780781446e-016
 7.391666666666668e+000,-3.078530948514027e-001, 2.632899803611437e-001, 1.616823240941526e+000,-1.569120955810046e+000,-3.063395839000012e+000, 8.873691457518707e-002,-5.450240924986164e-001, 1.037697781745356e-001,-5.149262319253392e-002, 8.326672684688673e-017, 3.330669073875469e-016, 1.110223024625156e-016
 7.400000000000000e+000,-3.115544293515987e-001, 2.629117495944492e-001, 1.616847331251769e+000,-1.568550916707173e+000,-3.063397039900950e+000, 8.750430804311726e-002,-5.449532412516273e-001, 1.027029690785293e-001,-5.046242154335428e-002, 0.000000000000000e+000, 2.220446049250313e-016,-2.775557561562891e-017
 7.408333333333334e+000,-3.152921124286212e-001, 2.625111057778324e-001, 1.616819651481969e+000,-1.568027947653082e+000,-3.063424443546063e+000, 8.611948958085502e-002,-5.449070716275895e-001, 1.016601527667882e-001,-4.943370492283727e-002,-1.110223024625157e-016,-3.330669073875470e-016,-8.326672684688674e-017
 7.416666666666667e+000,-3.190674076417346e-001, 2.620881396642555e-001, 1.616741276965377e+000,-1.567557372370974e+000,-3.063479357453317e+000, 8.459605494422151e-002,-5.448790034106740e-001, 1.006436323026875e-001,-4.841461535539949e-002,-2.775557561562891e-017,-3.330669073875469e-016,-8.326672684688673e-017
 7.425000000000001e+000,-3.228816559721274e-001, 2.616431781886219e-001, 1.616613482906476e+000,-1.567145530445001e+000,-3.063564521940377e+000, 8.294897928345524e-002,-5.448618034274020e-001, 9.965545727093964e-002,-4.741248740114796e-002, 2.775557561562891e-017,-2.220446049250313e-016, 0.000000000000000e+000
 7.433333333333334e+000,-3.267362644779507e-001, 2.611766841800275e-001, 1.616437585255629e+000,-1.566798902727142e+000,-3.063686264470813e+000, 8.119616988003475e-002,-5.448445695354346e-001, 9.869641561313806e-002,-4.643565208789626e-002,-2.775557561562890e-017, 0.000000000000000e+000, 5.551115123125780e-017
 7.441666666666667e+000,-3.306327360471063e-001, 2.606894286188669e-001, 1.616215141745321e+000,-1.566523474461773e+000,-3.063850431675796e+000, 7.935484506121160e-002,-5.448187194410601e-001, 9.776559521896383e-002,-4.548947604286625e-002, 0.000000000000000e+000,-1.110223024625156e-016,-5.551115123125782e-017
 7.450000000000000e+000,-3.345726809965998e-001, 2.601823985095673e-001, 1.615947798460816e+000,-1.566324237541246e+000,-3.064064465162043e+000, 7.744257728598791e-002,-5.447753725209810e-001, 9.686053452403090e-002,-4.457712706842386e-002, 2.775557561562890e-017,-1.110223024625156e-016,-5.551115123125780e-017
 7.458333333333334e+000,-3.385577738018665e-001, 2.596567565464826e-001, 1.615637281105536e+000,-1.566205040361178e+000,-3.064336544091621e+000, 7.547653335488791e-002,-5.447063038375520e-001, 9.597745591001998e-002,-4.369893070228697e-002,-2.775557561562891e-017,-1.110223024625157e-016, 0.000000000000000e+000
 7.466666666666667e+000,-3.425897212065983e-001, 2.591138042186402e-001, 1.615285381150257e+000,-1.566168621695849e+000,-3.064675264348558e+000, 7.347309611836650e-002,-5.446040213163561e-001, 9.511176108853937e-002,-4.285236985501467e-002,-5.551115123125782e-017, 0.000000000000000e+000,-1.110223024625156e-016
 7.475000000000001e+000,-3.466702319334887e-001, 2.585549546515941e-001, 1.614893903423943e+000,-1.566216933136716e+000,-3.065089737859148e+000, 7.144749430736441e-002,-5.444614617520494e-001, 9.425879644443908e-002,-4.203252081985528e-002,-5.551115123125780e-017, 0.000000000000000e+000, 5.551115123125780e-017
 7.483333333333334e+000,-3.508009411757080e-001, 2.579816518824085e-001, 1.614464587069205e+000,-1.566351800753178e+000,-3.065589949835311e+000, 6.941402664280094e-002,-5.442712719404975e-001, 9.341472313784581e-002,-4.123329053934922e-002, 1.387778780781446e-016, 0.000000000000000e+000,-5.551115123125783e-017
 7.491666666666667e+000,-3.549833162398165e-001, 2.573953055446731e-001, 1.613999044847721e+000,-1.566575678492600e+000,-3.066187007778761e+000, 6.738652694256775e-002,-5.440252715540569e-001, 9.257737988365317e-002,-4.044827943244685e-002,-5.551115123125783e-017, 0.000000000000000e+000, 2.775557561562891e-017
 7.500000000000000e+000,-3.592184697045784e-001, 2.567972642852421e-001, 1.613498687327220e+000,-1.566891705113715e+000,-3.066893509446366e+000, 6.537798532606720e-002,-5.437144422375585e-001, 9.174648012735046e-002,-3.967042349283464e-002,-8.326672684688673e-017,-1.110223024625156e-016,-2.775557561562891e-017
 7.508333333333334e+000,-3.635068273226521e-001, 2.561887547887264e-001, 1.612964649236159e+000,-1.567302776386252e+000,-3.067724035173914e+000, 6.339942712300806e-002,-5.433293216865183e-001, 9.092242923085429e-002,-3.889146533487389e-002, 8.326672684688674e-017, 1.110223024625157e-016, 8.326672684688674e-017
 7.516666666666668e+000,-3.678478656209725e-001, 2.555707871680042e-001, 1.612397806685403e+000,-1.567810485833076e+000,-3.068695476318265e+000, 6.146006114444491e-002,-5.428601312558361e-001, 9.010452884158718e-002,-3.810276163773594e-002, 1.942890293094024e-016, 1.110223024625156e-016, 0.000000000000000e+000
 7.525000000000000e+000,-3.722400461591883e-001, 2.549442516365502e-001, 1.611798989771636e+000,-1.568414792112316e+000,-3.069825575564892e+000, 5.956529517664011e-002,-5.422987211936140e-001, 8.929003723393182e-002,-3.729317433927956e-002, 8.326672684688673e-017, 0.000000000000000e+000,-2.775557561562891e-017
 7.533333333333334e+000,-3.766809416192778e-001, 2.543096287530993e-001, 1.611169120044084e+000,-1.569114040065055e+000,-3.071133247053335e+000, 5.772237632711263e-002,-5.416371079231219e-001, 8.847534006049437e-002,-3.645379659654510e-002, 1.387778780781445e-016,-1.110223024625156e-016,-8.326672684688670e-017
 7.541666666666667e+000,-3.811673299990404e-001, 2.536670525351302e-001, 1.610509425971992e+000,-1.569905162408797e+000,-3.072636476779040e+000, 5.593861429625457e-002,-5.408697962233373e-001, 8.765660608823324e-002,-3.557574354182055e-002,-1.387778780781446e-016, 0.000000000000000e+000, 8.326672684688674e-017
 7.550000000000001e+000,-3.856953110010218e-001, 2.530163006124333e-001, 1.609821510040157e+000,-1.570783403388311e+000,-3.074351948798568e+000, 5.422260507503873e-002,-5.399935157871750e-001, 8.682960781970731e-002,-3.465061618259663e-002, 0.000000000000000e+000, 0.000000000000000e+000, 0.000000000000000e+000
 7.558333333333334e+000,-3.902603427443907e-001, 2.523568038912563e-001, 1.609107426010703e+000,-1.571741850842275e+000,-3.076294571303765e+000, 5.258457637445879e-002,-5.390074060105692e-001, 8.598984129314506e-002,-3.367012573115460e-002, 1.110223024625156e-016,-2.220446049250313e-016,-8.326672684688673e-017
 7.566666666666667e+000,-3.948573315628615e-001, 2.516873925257285e-001, 1.608369969787592e+000,-1.572771192563707e+000,-3.078473996926101e+000, 5.104035894186332e-002,-5.379167483678697e-001, 8.513428441957270e-002,-3.262952522106595e-002,-1.387778780781445e-016, 4.440892098500625e-016, 1.942890293094024e-016
 7.575000000000001e+000,-3.994808052253716e-001, 2.510064814403662e-001, 1.607612863925846e+000,-1.573860057019733e+000,-3.080893938770354e+000, 4.960749774729134e-002,-5.367329538213068e-001, 8.426237888309314e-002,-3.152364272557907e-002, 0.000000000000000e+000, 0.000000000000000e+000,-8.326672684688673e-017
 7.583333333333334e+000,-4.041253989974830e-001, 2.503121438798873e-001, 1.606841071383053e+000,-1.574995315873920e+000,-3.083548625019764e+000, 4.830690711546959e-002,-5.354765276960618e-001, 8.337598603391462e-002,-3.034871017842164e-002,-8.326672684688673e-017, 0.000000000000000e+000, 8.326672684688673e-017
 7.591666666666667e+000,-4.087863957695480e-001, 2.496024110212276e-001, 1.606060997316526e+000,-1.576162596911274e+000,-3.086421357344635e+000, 4.716074853902796e-002,-5.341778810417168e-001, 8.247880158231845e-002,-2.910178459766755e-002, 0.000000000000000e+000, 0.000000000000000e+000, 0.000000000000000e+000
 7.600000000000001e+000,-4.134602703070422e-001, 2.488755188191298e-001, 1.605280604167718e+000,-1.577346208164202e+000,-3.089483562346773e+000, 4.619036202634463e-002,-5.328774827418461e-001, 8.157478161245847e-002,-2.778101568753654e-002, 5.551115123125782e-017, 2.220446049250313e-016, 0.000000000000000e+000
 7.608333333333334e+000,-4.181450925365280e-001, 2.481300931443266e-001, 1.604509326624872e+000,-1.578527916403343e+000,-3.092695036161064e+000, 4.541308462427729e-002,-5.316245451401138e-001, 8.066404359428628e-002,-2.638520182010234e-002, 8.326672684688674e-017,-1.110223024625157e-016, 2.775557561562891e-017
 7.616666666666667e+000,-4.228407457667490e-001, 2.473652326124475e-001, 1.603757850760005e+000,-1.579685893788648e+000,-3.096005569263737e+000, 4.483868338841957e-002,-5.304745068786930e-001, 7.973863289943653e-002,-2.491347498927495e-002,-8.326672684688675e-017, 0.000000000000000e+000, 2.775557561562892e-017
 7.625000000000001e+000,-4.275490342050207e-001, 2.465804927266697e-001, 1.603037855681453e+000,-1.580795646373949e+000,-3.099358193313515e+000, 4.446658010444349e-002,-5.294849549452692e-001, 7.878234062823805e-002,-2.336526711656205e-002, 2.775557561562891e-017, 0.000000000000000e+000,-5.551115123125782e-017
 7.633333333333334e+000,-4.322736807564066e-001, 2.457757462864655e-001, 1.602361757957742e+000,-1.581832923771930e+000,-3.102693004374576e+000, 4.428482534098421e-002,-5.287111164613657e-001, 7.777516167993792e-002,-2.173968010980369e-002,-1.110223024625156e-016, 1.110223024625156e-016, 2.775557561562891e-017
 7.641666666666668e+000,-4.370200807057102e-001, 2.449509649451284e-001, 1.601742143801668e+000,-1.582777499628158e+000,-3.105956953021123e+000, 4.426986819189249e-002,-5.281939530227652e-001, 7.669973033062034e-002,-2.003326877334935e-002, 2.775557561562891e-017, 1.110223024625157e-016, 2.775557561562891e-017
 7.650000000000000e+000,-4.417949790933118e-001, 2.441059198534056e-001, 1.601191752426699e+000,-1.583617215490373e+000,-3.109102318985810e+000, 4.438940716055351e-002,-5.279628096187728e-001, 7.554801628670289e-002,-1.824008132165754e-002, 8.326672684688673e-017,-2.220446049250313e-016, 5.551115123125782e-017
 7.658333333333334e+000,-4.466057980148260e-001, 2.432400929831001e-001, 1.600722890017086e+000,-1.584350354556622e+000,-3.112094583915523e+000, 4.460382121897144e-002,-5.280243063845309e-001, 7.432593280370699e-002,-1.634963166387615e-002, 2.775557561562891e-017,-3.330669073875470e-016,-8.326672684688674e-017
 7.666666666666668e+000,-4.514596757747224e-001, 2.423526406617403e-001, 1.600347021326501e+000,-1.584986114806467e+000,-3.114913321731923e+000, 4.487014463829064e-002,-5.283603653803867e-001, 7.305569490350021e-002,-1.434704067498739e-002, 2.775557561562891e-017, 0.000000000000000e+000, 5.551115123125783e-017
 7.675000000000001e+000,-4.563622703177352e-001, 2.414424423027022e-001, 1.600074214906753e+000,-1.585543716656122e+000,-3.117552882242001e+000, 4.514717434352011e-002,-5.289299401009484e-001, 7.177510220238248e-002,-1.221533797256692e-002,-8.326672684688673e-017,-1.110223024625156e-016,-8.326672684688673e-017
 7.683333333333334e+000,-4.613168054940718e-001, 2.405082849286394e-001, 1.599912609648711e+000,-1.586050046874824e+000,-3.120021711105015e+000, 4.540019272273232e-002,-5.296759518390272e-001, 7.053236494648420e-002,-9.939586670500659e-003, 8.326672684688670e-017, 2.220446049250312e-016, 5.551115123125780e-017
 7.691666666666667e+000,-4.663237220355654e-001, 2.395491438121707e-001, 1.599868043386225e+000,-1.586535177524930e+000,-3.122340181429845e+000, 4.560349278683962e-002,-5.305344493103429e-001, 6.937646676330914e-002,-7.511139137478269e-003, 2.775557561562891e-017, 4.440892098500625e-016, 5.551115123125782e-017
 7.700000000000001e+000,-4.713808664667614e-001, 2.385643938003637e-001, 1.599943991376623e+000,-1.587026783673491e+000,-3.124537022826943e+000, 4.574088248046015e-002,-5.314439456420357e-001, 6.834680643817311e-002,-4.931144577400824e-003, 5.551115123125782e-017,-2.220446049250313e-016,-5.551115123125782e-017
 7.708333333333334e+000,-4.764839960845308e-001, 2.375539226920626e-001, 1.600141840739138e+000,-1.587545759764035e+000,-3.126644984368418e+000, 4.580514687314752e-002,-5.323529149696081e-001, 6.746733075495975e-002,-2.211187531792124e-003, 0.000000000000000e+000, 0.000000000000000e+000,-5.551115123125780e-017
 7.716666666666668e+000,-4.816273886930853e-001, 2.365182177888226e-001, 1.600461320343451e+000,-1.588104081889284e+000,-3.128696963880817e+000, 4.579666983512487e-002,-5.332224034078783e-001, 6.674695089793524e-002, 6.310917804949974e-004, 8.326672684688673e-017, 1.110223024625156e-016, 5.551115123125782e-017
 7.725000000000001e+000,-4.868042984993436e-001, 2.354583618602399e-001, 1.600900910778845e+000,-1.588704237888537e+000,-3.130723492422304e+000, 4.572159080247618e-002,-5.340238696655276e-001, 6.618314155127716e-002, 3.578384994423902e-003,-1.942890293094023e-016, 2.220446049250312e-016, 1.110223024625156e-016
 7.733333333333334e+000,-4.920071918192267e-001, 2.343758917585926e-001, 1.601458178823447e+000,-1.589339736255924e+000,-3.132751831847770e+000, 4.559042396531332e-002,-5.347357002867850e-001, 6.576524384581584e-002, 6.616850743418479e-003,-1.387778780781445e-016, 2.220446049250313e-016, 5.551115123125782e-017
 7.741666666666667e+000,-4.972279615579743e-001, 2.332726338964668e-001, 1.602130030078250e+000,-1.589996916495803e+000,-3.134806415706420e+000, 4.541741312255176e-002,-5.353405524885505e-001, 6.547750223214449e-002, 9.735710190309834e-003, 0.000000000000000e+000,-2.220446049250313e-016,-5.551115123125783e-017
 7.750000000000001e+000,-5.024582323103912e-001, 2.321505550221989e-001, 1.602912961431634e+000,-1.590657777300642e+000,-3.136909344660901e+000, 4.522049804236961e-002,-5.358240344975864e-001, 6.530275706637903e-002, 1.292571528532578e-002,-5.551115123125783e-017,-2.220446049250313e-016,-5.551115123125783e-017
 7.758333333333334e+000,-5.076896987618293e-001, 2.310116107587807e-001, 1.603803395947545e+000,-1.591303169338287e+000,-3.139079714116191e+000, 4.502170163527941e-002,-5.361748229048735e-001, 6.522567163432740e-002, 1.617685849711835e-002, 2.775557561562891e-017, 1.110223024625157e-016, 1.110223024625157e-016
 7.766666666666668e+000,-5.129144829646900e-001, 2.298577518531877e-001, 1.604798026099252e+000,-1.591915941761753e+000,-3.141332179147587e+000, 4.484669667571817e-002,-5.363853991669771e-001, 6.523387769526316e-002, 1.947597371496670e-002, 2.775557561562890e-017, 0.000000000000000e+000, 5.551115123125780e-017
 7.775000000000000e+000,-5.181254936602335e-001, 2.286911839922487e-001, 1.605894056337352e+000,-1.592483224138262e+000,-3.143675694312185e+000, 4.472245470850300e-002,-5.364528180086200e-001, 6.531683119507199e-002, 2.280619426169955e-002, 8.326672684688673e-017, 3.330669073875469e-016, 2.220446049250313e-016
 7.783333333333334e+000,-5.233166768579710e-001, 2.275146616966495e-001, 1.607089325019334e+000,-1.592997111576717e+000,-3.146112686200905e+000, 4.467409911268305e-002,-5.363796438820990e-001, 6.546379060277797e-002, 2.614824643631632e-002,-8.326672684688674e-017,-2.220446049250313e-016,-1.665334536937735e-016
 7.791666666666668e+000,-5.284830781134122e-001, 2.263315835865117e-001, 1.608382308708578e+000,-1.593454228785638e+000,-3.148638890431859e+000, 4.472283557311663e-002,-5.361745524021654e-001, 6.566240234422367e-002, 2.948143437104158e-002,-5.551115123125783e-017, 0.000000000000000e+000, 5.551115123125783e-017
 7.800000000000001e+000,-5.336206844433813e-001, 2.251458666291486e-001, 1.609771954465941e+000,-1.593854810573982e+000,-3.151245372354585e+000, 4.488546867425480e-002,-5.358504262090915e-001, 6.589768445802774e-002, 3.278311321798835e-002, 1.942890293094023e-016,-1.110223024625156e-016,-1.665334536937734e-016
 7.808333333333334e+000,-5.387261527509136e-001, 2.239616898384639e-001, 1.611257725305273e+000,-1.594201796562507e+000,-3.153915026089656e+000, 4.517449416164476e-002,-5.354300482949113e-001, 6.615169581349240e-002, 3.602770121787525e-002, 8.326672684688674e-017, 3.330669073875470e-016,-5.551115123125783e-017
 7.816666666666667e+000,-5.437964195879325e-001, 2.227831332554187e-001, 1.612838998676287e+000,-1.594499407414923e+000,-3.156631517087484e+000, 4.559967460431080e-002,-5.349350498825309e-001, 6.640379559196719e-002, 3.918656106539580e-002, 1.387778780781445e-016, 3.330669073875468e-016, 5.551115123125780e-017
 7.825000000000001e+000,-5.488286180874675e-001, 2.216139124156740e-001, 1.614515014062488e+000,-1.594752933369500e+000,-3.159375934844900e+000, 4.616886852362834e-002,-5.343901210852917e-001, 6.663321395197826e-002, 4.222886472036688e-002, 2.775557561562891e-017, 0.000000000000000e+000,-1.110223024625156e-016
 7.833333333333334e+000,-5.538200494366403e-001, 2.204571553783078e-001, 1.616284575533525e+000,-1.594968555210434e+000,-3.162128897591680e+000, 4.688890823751946e-002,-5.338195821352394e-001, 6.682124331898441e-002, 4.512288546160190e-002,-1.110223024625156e-016,-3.330669073875468e-016,-1.665334536937734e-016
 7.841666666666668e+000,-5.587681310981385e-001, 2.193152364470712e-001, 1.618145899775732e+000,-1.595152973848385e+000,-3.164871255920219e+000, 4.776583672861401e-002,-5.332462030779280e-001, 6.695254142241558e-002, 4.783804892665954e-002, 2.775557561562891e-017,-2.220446049250313e-016,-5.551115123125783e-017
 7.850000000000001e+000,-5.636703085256867e-001, 2.181897298081744e-001, 1.620096544436686e+000,-1.595313072300230e+000,-3.167584741471266e+000, 4.880431543124342e-002,-5.326907096265935e-001, 6.701625993078295e-002, 5.034803918633182e-002,-1.665334536937735e-016, 1.110223024625157e-016, 5.551115123125783e-017
 7.858333333333334e+000,-5.685239584071081e-001, 2.170815033271535e-001, 1.622133358078343e+000,-1.595455934586815e+000,-3.170252584445252e+000, 5.000626156462573e-002,-5.321716271111804e-001, 6.700742297567394e-002, 5.263419890599397e-002, 1.387778780781445e-016, 0.000000000000000e+000, 2.220446049250313e-016
 7.866666666666667e+000,-5.733263101797498e-001, 2.159908886810978e-001, 1.624252420285090e+000,-1.595588913802889e+000,-3.172860172512162e+000, 5.136947348358767e-002,-5.317047810346695e-001, 6.692743595829449e-002, 5.468779324632307e-002, 1.387778780781445e-016, 0.000000000000000e+000, 0.000000000000000e+000
 7.875000000000001e+000,-5.780744590765159e-001, 2.149178918831886e-001, 1.626448982514178e+000,-1.595719543646963e+000,-3.175395530605780e+000, 5.288703094993696e-002,-5.313022523397122e-001, 6.678307154505861e-002, 5.651033207151897e-002, 0.000000000000000e+000, 0.000000000000000e+000,-5.551115123125782e-017
 7.883333333333335e+000,-5.827654216894650e-001, 2.138624245950716e-001, 1.628717427319001e+000,-1.595855375113059e+000,-3.177849384881279e+000, 5.454738981198082e-002,-5.309714324563929e-001, 6.658487338358708e-002, 5.811258048548915e-002,-1.110223024625156e-016, 3.330669073875469e-016, 1.665334536937735e-016
 7.891666666666668e+000,-5.873961050083922e-001, 2.128245097826598e-001, 1.631051287904131e+000,-1.596003944635500e+000,-3.180215055689279e+000, 5.633459114005390e-002,-5.307148081457526e-001, 6.634585629180802e-002, 5.951291381173485e-002, 1.665334536937735e-016, 4.440892098500626e-016, 2.775557561562891e-016
 7.900000000000000e+000,-5.919632150490408e-001, 2.118044226372124e-001, 1.633443342970621e+000,-1.596172939245144e+000,-3.182488235340383e+000, 5.822842655849936e-002,-5.305307855550163e-001, 6.608028758118048e-002, 6.073496328915625e-002,-8.326672684688673e-017,-4.440892098500625e-016,-1.665334536937735e-016
 7.908333333333334e+000,-5.964631781035461e-001, 2.108027471907999e-001, 1.635885700590125e+000,-1.596370027161180e+000,-3.184666438641164e+000, 6.020472145713818e-002,-5.304153163781360e-001, 6.580217817355846e-002, 6.180507330551499e-002, 8.326672684688674e-017, 0.000000000000000e+000, 0.000000000000000e+000
 7.916666666666668e+000,-6.008920696774376e-001, 2.098203770077412e-001, 1.638369807343464e+000,-1.596602090760225e+000,-3.186748294755406e+000, 6.223579003021040e-002,-5.303634688577100e-001, 6.552375541012398e-002, 6.275021195270519e-002, 2.775557561562891e-017, 2.220446049250313e-016, 0.000000000000000e+000
 7.925000000000001e+000,-6.052455753220192e-001, 2.088585116606476e-001, 1.640886466610565e+000,-1.596874499613631e+000,-3.188732903422821e+000, 6.429108449815235e-002,-5.303704395900235e-001, 6.525425659385166e-002, 6.359596792295345e-002, 8.326672684688673e-017,-1.110223024625156e-016,-1.110223024625156e-016
 7.933333333333335e+000,-6.095190154940721e-001, 2.079186101584761e-001, 1.643425942555669e+000,-1.597190569976153e+000,-3.190619234901668e+000, 6.633801048614263e-002,-5.304321552652019e-001, 6.499864432438181e-002, 6.436438193077974e-002,-8.326672684688674e-017, 5.551115123125783e-016, 5.551115123125783e-017
 7.941666666666667e+000,-6.137074349766925e-001, 2.070022377365188e-001, 1.645978066623728e+000,-1.597550506561549e+000,-3.192405566255060e+000, 6.834280992195474e-002,-5.305456246926585e-001, 6.475568965069946e-002, 6.507214629510669e-002, 1.387778780781446e-016,-1.110223024625157e-016,-5.551115123125783e-017
 7.950000000000001e+000,-6.178057857708876e-001, 2.061108658447598e-001, 1.648532262870111e+000,-1.597949925950929e+000,-3.194088895376683e+000, 7.027153859481050e-002,-5.307091908422117e-001, 6.451612011766034e-002, 6.572962281206810e-002, 0.000000000000000e+000, 1.110223024625156e-016,-5.551115123125782e-017
 7.958333333333334e+000,-6.218091852684765e-001, 2.052457075844784e-001, 1.651077565607935e+000,-1.598378971012126e+000,-3.195664430492512e+000, 7.209121317035061e-002,-5.309227014432212e-001, 6.426232824097179e-002, 6.634071046386453e-002,-1.110223024625156e-016, 1.110223024625156e-016,-1.665334536937735e-016
 7.966666666666668e+000,-6.257131440687135e-001, 2.044075871222918e-001, 1.653602777009782e+000,-1.598822936993958e+000,-3.197125532334658e+000, 7.377123108188188e-002,-5.311872404231522e-001, 6.397068077908587e-002, 6.690342539902568e-002,-2.775557561562891e-017,-1.110223024625157e-016,-5.551115123125783e-017
 7.975000000000001e+000,-6.295137544990914e-001, 2.035968819622162e-001, 1.656096857422059e+000,-1.599265239831767e+000,-3.198463898350090e+000, 7.528537701301508e-002,-5.315045783617202e-001, 6.361707227244154e-002, 6.741117753551398e-002,-5.551115123125783e-017,-1.110223024625157e-016, 0.000000000000000e+000
 7.983333333333334e+000,-6.332079368141151e-001, 2.028135998424115e-001, 1.658549456655375e+000,-1.599691905571146e+000,-3.199669363601214e+000, 7.661433968000209e-002,-5.318770498812521e-001, 6.318419652543639e-002, 6.785468801590053e-002, 1.387778780781445e-016,-1.110223024625156e-016,-1.665334536937734e-016
 7.991666666666667e+000,-6.367936921073540e-001, 2.020575041319139e-001, 1.660951345344899e+000,-1.600094488589450e+000,-3.200729654334501e+000, 7.774770618553584e-002,-5.323076262810500e-001, 6.266635248741473e-002, 6.822404475741925e-002,-5.551115123125783e-017, 0.000000000000000e+000, 5.551115123125783e-017
 8.000000000000000e+000,-6.402701926144990e-001, 2.013281605412214e-001, 1.663294644212115e+000,-1.600469888003440e+000,-3.201631044892107e+000, 7.868448210932710e-002,-5.327991293072328e-001, 6.206972930598508e-002, 6.851025400330549e-002, 1.387778780781446e-016, 1.110223024625157e-016, 0.000000000000000e+000
 8.008333333333335e+000,-6.436377060810700e-001, 2.006249139035369e-001, 1.665572958279066e+000,-1.600818574335238e+000,-3.202359932950732e+000, 7.943255145053207e-002,-5.333525187323792e-001, 6.140993276329622e-002, 6.870585649447683e-002, 1.110223024625157e-016,-2.220446049250313e-016, 0.000000000000000e+000
 8.016666666666668e+000,-6.468975117824612e-001, 1.999468566304815e-001, 1.667781537161200e+000,-1.601142827544732e+000,-3.202904246383977e+000, 8.000818112101182e-002,-5.339656256193706e-001, 6.070882721519549e-002, 6.880451460082729e-002, 0.000000000000000e+000, 0.000000000000000e+000,-1.665334536937735e-016
