Main.Studies.MarkerTracking.t,Main.Studies.MarkerTracking.JointAngleOutputs.OutputFile3.HipFlexion,Main.Studies.MarkerTracking.JointAngleOutputs.OutputFile3.HipAbduction,Main.Studies.MarkerTracking.JointAngleOutputs.OutputFile3.HipExternalRotation,Main.Studies.MarkerTracking.JointAngleOutputs.OutputFile3.KneeFlexion,Main.Studies.MarkerTracking.JointAngleOutputs.OutputFile3.AnklePlantarFlexion,Main.Studies.MarkerTracking.JointAngleOutputs.OutputFile3.SubTalarEversion
 6.250000000000000e+000, 8.102353951735442e-001, 4.226348133896840e-002, 5.252919451839860e-001, 8.985311606370166e-001, 4.533373595731232e-002, 2.922180091956562e-001
 6.258333333333334e+000, 8.094391802068396e-001, 4.332712263635141e-002, 5.237817487540283e-001, 9.019828894923669e-001, 5.164036809059808e-002, 2.981538423042388e-001
 6.266666666666667e+000, 8.092261407484733e-001, 4.448732143987444e-002, 5.220178523319372e-001, 9.066011625365565e-001, 5.698606581345734e-002, 3.046481579251147e-001
 6.275000000000000e+000, 8.095539092070764e-001, 4.572861698029884e-002, 5.200144169178648e-001, 9.122643993184404e-001, 6.137070347158374e-002, 3.115543191821598e-001
 6.283333333333333e+000, 8.103443236043844e-001, 4.703365934201931e-002, 5.178043817178966e-001, 9.188279824359690e-001, 6.480026087511723e-002, 3.187430723976309e-001
 6.291666666666667e+000, 8.114914922703448e-001, 4.838353724660749e-002, 5.154405867029241e-001, 9.261278986194952e-001, 6.729405237994625e-002, 3.261071383565096e-001
 6.300000000000000e+000, 8.128732035964191e-001, 4.975928765679738e-002, 5.129929746352258e-001, 9.339908610168481e-001, 6.888408476224868e-002, 3.335581375921540e-001
 6.308333333333334e+000, 8.143642562297855e-001, 5.114291626629752e-002, 5.105427022528277e-001, 9.422472871514535e-001, 6.960833163576775e-002, 3.410222394801642e-001
 6.316666666666666e+000, 8.158483017574022e-001, 5.251713712665751e-002, 5.081746454125921e-001, 9.507425128488454e-001, 6.950235039450194e-002, 3.484362462762907e-001
 6.325000000000000e+000, 8.172269124935971e-001, 5.386483901699268e-002, 5.059693200168994e-001, 9.593448121454762e-001, 6.859342238220643e-002, 3.557428880287577e-001
 6.333333333333333e+000, 8.184266854384934e-001, 5.516931884815635e-002, 5.039941763813129e-001, 9.679512175313505e-001, 6.689953832679441e-002, 3.628844350836731e-001
 6.341666666666667e+000, 8.194037382053722e-001, 5.641498240994558e-002, 5.022960693717423e-001, 9.764906139826745e-001, 6.443270502342723e-002, 3.697954783943659e-001
 6.350000000000000e+000, 8.201432533673132e-001, 5.758784678908113e-002, 5.008984595940343e-001, 9.849222901932445e-001, 6.120404564595858e-002, 3.763979046947942e-001
 6.358333333333333e+000, 8.206538719841449e-001, 5.867597645852496e-002, 4.998042039896332e-001, 9.932300537599620e-001, 5.722854789198388e-002, 3.826010077895426e-001
 6.366666666666667e+000, 8.209592145250970e-001, 5.967003918590197e-002, 4.990017526119540e-001, 1.001413634990255e+000, 5.252934672231537e-002, 3.883076507962975e-001
 6.375000000000000e+000, 8.210886875356708e-001, 6.056345164711496e-002, 4.984723704849884e-001, 1.009478567413807e+000, 4.714272217104967e-002, 3.934249785769067e-001
 6.383333333333334e+000, 8.210692052192214e-001, 6.135169040399591e-002, 4.981964725048779e-001, 1.017425756173970e+000, 4.112329461009581e-002, 3.978748751625934e-001
 6.391666666666667e+000, 8.209191051738937e-001, 6.203106134662706e-002, 4.981580149055456e-001, 1.025243011493209e+000, 3.454541218396650e-002, 4.015993103842108e-001
 6.400000000000000e+000, 8.206446387137814e-001, 6.259752967534737e-002, 4.983470335419714e-001, 1.032900462727945e+000, 2.749719018376440e-002, 4.045605326748437e-001
 6.408333333333333e+000, 8.202388899784935e-001, 6.304592050982683e-002, 4.987605282223102e-001, 1.040349807181988e+000, 2.007008639482897e-002, 4.067395142615878e-001
 6.416666666666667e+000, 8.196830828366646e-001, 6.336939126717955e-002, 4.994018290964816e-001, 1.047526166247863e+000, 1.235088926619581e-002, 4.081355092435674e-001
 6.425000000000000e+000, 8.189497992545923e-001, 6.355898268228555e-002, 5.002790640033370e-001, 1.054351439575286e+000, 4.419025600972079e-003, 4.087668727450805e-001
 6.433333333333334e+000, 8.180069944626318e-001, 6.360316188437487e-002, 5.014030122011167e-001, 1.060738529023865e+000,-3.652998878619700e-003, 4.086706436845790e-001
 6.441666666666666e+000, 8.168218565440920e-001, 6.348754548790359e-002, 5.027836596695579e-001, 1.066596599802734e+000,-1.179866317432510e-002, 4.078984445537110e-001
 6.450000000000000e+000, 8.153638927516822e-001, 6.319527961429516e-002, 5.044252778016176e-001, 1.071837683156485e+000,-1.995697492408057e-002, 4.065088318498595e-001
 6.458333333333333e+000, 8.136070701157869e-001, 6.270807773549714e-002, 5.063218847712536e-001, 1.076383530785806e+000,-2.807261983538352e-002, 4.045591735943547e-001
 6.466666666666667e+000, 8.115316061445111e-001, 6.200737614032303e-002, 5.084555656089536e-001, 1.080170861410589e+000,-3.609650618528500e-002, 4.021009015007330e-001
 6.475000000000001e+000, 8.091259058673077e-001, 6.107557271570707e-002, 5.107979208816245e-001, 1.083154356204749e+000,-4.398583786308957e-002, 3.991796949466200e-001
 6.483333333333333e+000, 8.063881195104657e-001, 5.989753332705439e-002, 5.133127818108181e-001, 1.085307537771014e+000,-5.170259222088332e-002, 3.958396426764865e-001
 6.491666666666667e+000, 8.033260195031675e-001, 5.846204154377266e-002, 5.159588964039558e-001, 1.086620909564215e+000,-5.921057686064407e-002, 3.921291398711028e-001
 6.500000000000000e+000, 7.999543751352389e-001, 5.676267871432628e-002, 5.186928214301521e-001, 1.087097005843061e+000,-6.647279940685193e-002, 3.881055286964025e-001
 6.508333333333334e+000, 7.962911687303966e-001, 5.479781642352632e-002, 5.214719074241885e-001, 1.086744365173379e+000,-7.345056340211349e-002, 3.838362884087492e-001
 6.516666666666667e+000, 7.923551104701582e-001, 5.256972104705993e-002, 5.242562632476778e-001, 1.085573547188242e+000,-8.010430817634151e-002, 3.793971665480979e-001
 6.525000000000000e+000, 7.881646225340289e-001, 5.008280054810133e-002, 5.270095591993677e-001, 1.083595984639742e+000,-8.639561961412398e-002, 3.748694774124152e-001
 6.533333333333333e+000, 7.837366635620741e-001, 4.734155027963571e-002, 5.296996341957830e-001, 1.080824167358620e+000,-9.228989034003998e-002, 3.703377397902254e-001
 6.541666666666667e+000, 7.790855815802971e-001, 4.434971953694133e-002, 5.322987105982312e-001, 1.077272189430847e+000,-9.775888882333306e-002, 3.658871080531903e-001
 6.550000000000000e+000, 7.742233097280816e-001, 4.111123913610881e-002, 5.347823012196172e-001, 1.072956703540890e+000,-1.027824115124631e-001, 3.616003530126011e-001
 6.558333333333334e+000, 7.691602063852596e-001, 3.763181625727863e-002, 5.371274166524184e-001, 1.067897972235925e+000,-1.073487551778077e-001, 3.575544272860215e-001
 6.566666666666666e+000, 7.639050328268575e-001, 3.392069445058810e-002, 5.393116669090647e-001, 1.062120241058989e+000,-1.114542372479650e-001, 3.538162198209303e-001
 6.575000000000000e+000, 7.584642263495058e-001, 2.999286366657250e-002, 5.413141245832676e-001, 1.055651011378924e+000,-1.151022004273639e-001, 3.504380074720837e-001
 6.583333333333334e+000, 7.528415618886224e-001, 2.587090484000676e-002, 5.431169873441649e-001, 1.048519858887802e+000,-1.183019867546793e-001, 3.474539660349199e-001
 6.591666666666667e+000, 7.470387968936759e-001, 2.158504674313111e-002, 5.447056022869181e-001, 1.040758212611344e+000,-1.210678604860160e-001, 3.448785442347051e-001
 6.600000000000001e+000, 7.410569731490780e-001, 1.717162689244711e-002, 5.460663800813170e-001, 1.032400399984400e+000,-1.234176649323222e-001, 3.427068493959519e-001
 6.608333333333333e+000, 7.348974228933113e-001, 1.267142396301058e-002, 5.471853725484207e-001, 1.023484297250617e+000,-1.253716424757413e-001, 3.409165971349538e-001
 6.616666666666667e+000, 7.285619805781747e-001, 8.128550315999572e-003, 5.480495235881223e-001, 1.014050174887324e+000,-1.269519303656877e-001, 3.394707965780135e-001
 6.625000000000000e+000, 7.220528935330380e-001, 3.589670100379916e-003, 5.486496128168145e-001, 1.004138725036949e+000,-1.281826326033722e-001, 3.383208053900584e-001
 6.633333333333334e+000, 7.153729938869224e-001,-8.966635540443857e-004, 5.489832668677267e-001, 9.937900896925805e-001,-1.290902011551747e-001, 3.374096792462867e-001
 6.641666666666667e+000, 7.085259452518721e-001,-5.280351020924723e-003, 5.490578681921995e-001, 9.830439426649694e-001,-1.297038007741513e-001, 3.366754206203746e-001
 6.650000000000000e+000, 7.015160831439321e-001,-9.510191754189767e-003, 5.488932350996216e-001, 9.719395313726493e-001,-1.300550603981064e-001, 3.360541806160779e-001
 6.658333333333333e+000, 6.943476529454282e-001,-1.353645836317985e-002, 5.485217774425686e-001, 9.605152042336671e-001,-1.301769303508619e-001, 3.354844242119761e-001
 6.666666666666667e+000, 6.870237798646107e-001,-1.731619456364886e-002, 5.479846354614429e-001, 9.488075802122179e-001,-1.301020290020571e-001, 3.349122765837739e-001
 6.675000000000000e+000, 6.795459369299876e-001,-2.081818628559939e-002, 5.473265236839721e-001, 9.368506677516907e-001,-1.298610403910627e-001, 3.342964082390265e-001
 6.683333333333334e+000, 6.719140963516312e-001,-2.402485882900463e-002, 5.465924211514671e-001, 9.246751650825719e-001,-1.294814731026666e-001, 3.336107204804081e-001
 6.691666666666666e+000, 6.641270712848543e-001,-2.693154149590127e-002, 5.458260463533297e-001, 9.123079774767544e-001,-1.289867007217846e-001, 3.328448378307606e-001
 6.700000000000000e+000, 6.561830121120520e-001,-2.954475525590916e-002, 5.450688109375645e-001, 8.997719129635629e-001,-1.283950189835994e-001, 3.320037405119753e-001
 6.708333333333334e+000, 6.480803300538903e-001,-3.188038261535775e-002, 5.443587827566476e-001, 8.870855453973948e-001,-1.277188205033565e-001, 3.311071854870303e-001
 6.716666666666667e+000, 6.398188561727058e-001,-3.396160014263083e-002, 5.437298042253663e-001, 8.742636096420092e-001,-1.269644927596283e-001, 3.301879712624095e-001
 6.725000000000001e+000, 6.314008937328279e-001,-3.581640485859738e-002, 5.432106520545966e-001, 8.613185337759088e-001,-1.261335083466200e-001, 3.292879968746342e-001
 6.733333333333333e+000, 6.228325086036385e-001,-3.747507394738281e-002, 5.428241607118423e-001, 8.482629762588831e-001,-1.252244226990993e-001, 3.284527654988478e-001
 6.741666666666667e+000, 6.141235333699587e-001,-3.896790349239643e-002, 5.425871294292243e-001, 8.351131873279468e-001,-1.242351322930537e-001, 3.277263076446951e-001
 6.750000000000000e+000, 6.052905961554922e-001,-4.032246506023851e-002, 5.425113210217847e-001, 8.218911892842156e-001,-1.231644843151141e-001, 3.271472163317353e-001
 6.758333333333334e+000, 5.963566284209994e-001,-4.156054846475055e-002, 5.426055018341709e-001, 8.086274971454429e-001,-1.220139095033889e-001, 3.267453348458407e-001
 6.766666666666667e+000, 5.873510313615704e-001,-4.269573823237405e-002, 5.428777353067755e-001, 7.953623870467953e-001,-1.207889650725435e-001, 3.265383495150055e-001
 6.775000000000000e+000, 5.783070256804951e-001,-4.373348947464262e-002, 5.433375234683676e-001, 7.821437625183191e-001,-1.195008273953299e-001, 3.265285464442702e-001
 6.783333333333333e+000, 5.692568870861762e-001,-4.467397294927644e-002, 5.439973437495053e-001, 7.690212979067505e-001,-1.181663844533952e-001, 3.267015424383500e-001
 6.791666666666667e+000, 5.602284724923696e-001,-4.551557841589959e-002, 5.448730886922018e-001, 7.560410204846726e-001,-1.168058185474032e-001, 3.270283765680369e-001
 6.800000000000001e+000, 5.512449216089275e-001,-4.625751670480471e-002, 5.459835174081268e-001, 7.432433164105179e-001,-1.154394429040564e-001, 3.274690323992768e-001
 6.808333333333334e+000, 5.423257350410593e-001,-4.690197220680914e-002, 5.473492060075639e-001, 7.306630983151977e-001,-1.140864631657756e-001, 3.279745168680412e-001
 6.816666666666666e+000, 5.334873031958317e-001,-4.745607460686463e-002, 5.489911831761223e-001, 7.183301687159969e-001,-1.127654151616759e-001, 3.284879884070179e-001
 6.825000000000000e+000, 5.247427448304606e-001,-4.793358942621073e-002, 5.509292505875350e-001, 7.062693724007854e-001,-1.114946874913337e-001, 3.289468336851952e-001
 6.833333333333334e+000, 5.161019493254780e-001,-4.835580074854695e-002, 5.531800618545976e-001, 6.945003882440347e-001,-1.102926468028826e-001, 3.292848075686687e-001
 6.841666666666667e+000, 5.075711124411617e-001,-4.875356779395723e-002, 5.557525210171203e-001, 6.830391648590835e-001,-1.091769026954089e-001, 3.294346914225789e-001
 6.850000000000001e+000, 4.991522805604661e-001,-4.916524199592298e-002, 5.586450673198007e-001, 6.718981029120041e-001,-1.081628499374525e-001, 3.293314881350866e-001
 6.858333333333333e+000, 4.908426753480586e-001,-4.963290132531339e-002, 5.618450038681306e-001, 6.610860133690499e-001,-1.072627322143772e-001, 3.289173985556065e-001
 6.866666666666667e+000, 4.826343858315593e-001,-5.019767078406168e-002, 5.653287697165040e-001, 6.506076460737917e-001,-1.064858281671954e-001, 3.281461114886740e-001
 6.875000000000000e+000, 4.745147393704116e-001,-5.089539247583530e-002, 5.690618438243288e-001, 6.404638415145941e-001,-1.058388748321770e-001, 3.269856682450996e-001
 6.883333333333334e+000, 4.664678170487291e-001,-5.175274326563950e-002, 5.729994177913220e-001, 6.306525905567230e-001,-1.053261709825435e-001, 3.254202576350362e-001
 6.891666666666667e+000, 4.584771050917409e-001,-5.278448349023712e-002, 5.770882333238315e-001, 6.211705963575827e-001,-1.049493637411956e-001, 3.234506465798696e-001
 6.900000000000000e+000, 4.505284521589030e-001,-5.399219286342016e-002, 5.812689905524534e-001, 6.120148260784646e-001,-1.047071222415618e-001, 3.210928661638399e-001
 6.908333333333333e+000, 4.426125913265228e-001,-5.536423779730160e-002, 5.854792352306042e-001, 6.031838034346635e-001,-1.045950747950906e-001, 3.183759918682011e-001
 6.916666666666667e+000, 4.347270944926470e-001,-5.687714064772664e-002, 5.896564762920991e-001, 5.946785117952473e-001,-1.046062469407184e-001, 3.153399688667922e-001
 6.925000000000001e+000, 4.268781391258165e-001,-5.849801385646058e-002, 5.937407431901363e-001, 5.865031715824227e-001,-1.047320453674795e-001, 3.120335559301058e-001
 6.933333333333334e+000, 4.190820312338620e-001,-6.018693291877875e-002, 5.976759332243428e-001, 5.786662180308932e-001,-1.049636525558986e-001, 3.085123539772666e-001
 6.941666666666667e+000, 4.113649816890027e-001,-6.189898880478340e-002, 6.014107811473552e-001, 5.711808311959086e-001,-1.052933994390966e-001, 3.048364163741539e-001
 6.950000000000000e+000, 4.037602679065687e-001,-6.358663494228511e-002, 6.049010159805937e-001, 5.640643390818474e-001,-1.057156055159135e-001, 3.010664946704154e-001
 6.958333333333334e+000, 3.963043690057723e-001,-6.520255727759117e-002, 6.081121040218965e-001, 5.573370996550064e-001,-1.062267563545822e-001, 2.972592790349502e-001
 6.966666666666667e+000, 3.890333071675936e-001,-6.670296053500846e-002, 6.110210071125040e-001, 5.510212726220568e-001,-1.068252836027133e-001, 2.934630625403114e-001
 6.975000000000001e+000, 3.819785950596503e-001,-6.805090814238524e-002, 6.136169213949309e-001, 5.451386674729418e-001,-1.075111475556278e-001, 2.897145945385558e-001
 6.983333333333333e+000, 3.751630435039703e-001,-6.921893341000707e-002, 6.159010352908292e-001, 5.397073660244881e-001,-1.082852045893559e-001, 2.860372456734709e-001
 6.991666666666667e+000, 3.685949975126844e-001,-7.018888127845679e-002, 6.178897738550248e-001, 5.347369675664597e-001,-1.091487829761121e-001, 2.824394537137088e-001
 7.000000000000000e+000, 3.622678910075773e-001,-7.095423397264788e-002, 6.196081066729950e-001, 5.302259237917881e-001,-1.101024620672864e-001, 2.789168820159010e-001
 7.008333333333334e+000, 3.561586891876160e-001,-7.151948933633312e-002, 6.210878413720826e-001, 5.261591308568845e-001,-1.111458055219650e-001, 2.754547559168131e-001
 7.016666666666668e+000, 3.502314268556453e-001,-7.189971563309827e-002, 6.223616916222625e-001, 5.225087106918200e-001,-1.122772191015126e-001, 2.720323322843859e-001
 7.025000000000000e+000, 3.444424071821465e-001,-7.211813651494614e-002, 6.234603555674025e-001, 5.192365447317908e-001,-1.134943304323823e-001, 2.686268958169429e-001
 7.033333333333334e+000, 3.387460590100334e-001,-7.220288876276615e-002, 6.244110727835680e-001, 5.162974213878880e-001,-1.147950231210855e-001, 2.652158913788998e-001
 7.041666666666667e+000, 3.331002579374127e-001,-7.218395440693382e-002, 6.252363194913139e-001, 5.136415510345589e-001,-1.161788330011683e-001, 2.617772643086226e-001
 7.050000000000001e+000, 3.274702695799135e-001,-7.209080193346606e-002, 6.259526409454438e-001, 5.112161797592757e-001,-1.176471170250821e-001, 2.582911523159184e-001
 7.058333333333334e+000, 3.218311416991224e-001,-7.195064286995967e-002, 6.265706686837763e-001, 5.089667310537481e-001,-1.192008966795249e-001, 2.547443454010200e-001
 7.066666666666667e+000, 3.161685821902517e-001,-7.178721658541298e-002, 6.270962651803069e-001, 5.068374449721694e-001,-1.208374266249197e-001, 2.511342799157825e-001
 7.075000000000000e+000, 3.104782744700867e-001,-7.162012570407783e-002, 6.275315172195444e-001, 5.047714853682468e-001,-1.225479392027609e-001, 2.474704125508312e-001
 7.083333333333334e+000, 3.047637362323308e-001,-7.146439182046471e-002, 6.278755013384857e-001, 5.027116579444879e-001,-1.243182780821199e-001, 2.437738490927340e-001
 7.091666666666667e+000, 2.990332196994504e-001,-7.133001429526131e-002, 6.281252352087430e-001, 5.006026621155402e-001,-1.261313544479667e-001, 2.400758414436021e-001
 7.100000000000001e+000, 2.932963320606374e-001,-7.122180815685386e-002, 6.282764305682164e-001, 4.983935269458931e-001,-1.279688924776835e-001, 2.364157284650667e-001
 7.108333333333333e+000, 2.875609228747633e-001,-7.113964211000257e-002, 6.283244848705677e-001, 4.960384072218200e-001,-1.298116757715707e-001, 2.328388730933591e-001
 7.116666666666667e+000, 2.818307792651727e-001,-7.107896154406079e-002, 6.282664053683226e-001, 4.934964359031848e-001,-1.316393152969459e-001, 2.293943070360529e-001
 7.125000000000000e+000, 2.761042360953578e-001,-7.103190502757473e-002, 6.281028261595346e-001, 4.907323118478503e-001,-1.334305973139174e-001, 2.261320606662803e-001
 7.133333333333334e+000, 2.703730886364306e-001,-7.098919472365650e-002, 6.278390475624540e-001, 4.877171967097921e-001,-1.351646285272012e-001, 2.231003546350571e-001
 7.141666666666668e+000, 2.646216829941906e-001,-7.094194771938955e-002, 6.274849325093402e-001, 4.844286378943519e-001,-1.368222578798977e-001, 2.203423564737182e-001
 7.150000000000000e+000, 2.588267963056840e-001,-7.088245548571681e-002, 6.270542824525801e-001, 4.808495154117970e-001,-1.383874487827283e-001, 2.178922560054029e-001
 7.158333333333334e+000, 2.529586972540927e-001,-7.080399471308274e-002, 6.265650042699812e-001, 4.769666827216012e-001,-1.398485742405198e-001, 2.157715094928696e-001
 7.166666666666667e+000, 2.469834678304596e-001,-7.070058661089629e-002, 6.260399662028017e-001, 4.727698452759030e-001,-1.411989087767803e-001, 2.139870153636279e-001
 7.175000000000001e+000, 2.408660049236716e-001,-7.056773124958693e-002, 6.255063018330364e-001, 4.682506123283025e-001,-1.424354465371504e-001, 2.125312155530519e-001
 7.183333333333334e+000, 2.345726661749467e-001,-7.040377421407107e-002, 6.249928066138168e-001, 4.634014907154213e-001,-1.435565336948484e-001, 2.113822173278135e-001
 7.191666666666667e+000, 2.280738259439968e-001,-7.020993678149501e-002, 6.245282707571775e-001, 4.582161165471189e-001,-1.445597801779953e-001, 2.105027104536409e-001
 7.200000000000000e+000, 2.213474873953700e-001,-6.998817075150710e-002, 6.241419558194835e-001, 4.526926341821859e-001,-1.454415274977591e-001, 2.098373964119989e-001
 7.208333333333334e+000, 2.143834146472267e-001,-6.973869476863581e-002, 6.238636311009467e-001, 4.468394480198441e-001,-1.461986463768417e-001, 2.093112720129570e-001
 7.216666666666667e+000, 2.071858577912732e-001,-6.945903235741380e-002, 6.237211980491095e-001, 4.406801726854807e-001,-1.468322575959244e-001, 2.088334098956328e-001
 7.225000000000001e+000, 1.997736490606295e-001,-6.914416856914163e-002, 6.237379414309379e-001, 4.342552921213473e-001,-1.473509673888548e-001, 2.083054448644369e-001
 7.233333333333333e+000, 1.921769795852530e-001,-6.878717954970082e-002, 6.239323078726822e-001, 4.276187183056380e-001,-1.477714185402149e-001, 2.076278387536729e-001
 7.241666666666667e+000, 1.844310589859337e-001,-6.838110161870237e-002, 6.243193719708344e-001, 4.208289564918273e-001,-1.481167187538083e-001, 2.067019799319764e-001
 7.250000000000000e+000, 1.765689490068666e-001,-6.792222214244381e-002, 6.249119182926283e-001, 4.139389760128428e-001,-1.484138768023972e-001, 2.054338531097271e-001
 7.258333333333334e+000, 1.686194266720167e-001,-6.741430846297880e-002, 6.257153716548037e-001, 4.069914226438899e-001,-1.486902893283547e-001, 2.037443292309425e-001
 7.266666666666668e+000, 1.606046006546632e-001,-6.686836799405049e-002, 6.267301786355040e-001, 4.000172593008476e-001,-1.489718974638087e-001, 2.015786362318313e-001
 7.275000000000000e+000, 1.525442396996674e-001,-6.630095811708858e-002, 6.279459741871668e-001, 3.930404042298574e-001,-1.492827358310862e-001, 1.989133053175627e-001
 7.283333333333334e+000, 1.444584259346149e-001,-6.573029815102949e-002, 6.293410549391857e-001, 3.860826952637386e-001,-1.496452700013191e-001, 1.957555983790880e-001
 7.291666666666667e+000, 1.363686704676649e-001,-6.517407266764330e-002, 6.308827317019092e-001, 3.791675129207833e-001,-1.500799459832242e-001, 1.921397445878360e-001
 7.300000000000001e+000, 1.282980290347504e-001,-6.464822254812241e-002, 6.325292636958201e-001, 3.723219480940983e-001,-1.506043287128068e-001, 1.881217183654246e-001
 7.308333333333334e+000, 1.202718314123662e-001,-6.416509289616457e-002, 6.342339631236179e-001, 3.655787978167741e-001,-1.512322576105848e-001, 1.837717263784940e-001
 7.316666666666667e+000, 1.123189967713774e-001,-6.373184934537646e-002, 6.359489089055164e-001, 3.589777358785243e-001,-1.519737818795139e-001, 1.791664915527154e-001
 7.325000000000001e+000, 1.044682925534611e-001,-6.335003817522256e-002, 6.376288998539400e-001, 3.525629356241686e-001,-1.528369246853253e-001, 1.743836385342884e-001
 7.333333333333334e+000, 9.675096141005264e-002,-6.301644400004092e-002, 6.392265836738310e-001, 3.463819738606643e-001,-1.538298677668891e-001, 1.695010571292122e-001
 7.341666666666667e+000, 8.919601838165177e-002,-6.272337308072351e-002, 6.406957499909269e-001, 3.404822307198675e-001,-1.549628438849837e-001, 1.645944060501529e-001
 7.350000000000001e+000, 8.182931448578555e-002,-6.245972092182961e-002, 6.419925820488913e-001, 3.349095487778510e-001,-1.562483977017744e-001, 1.597365349471067e-001
 7.358333333333334e+000, 7.467224122823461e-002,-6.221272784899146e-002, 6.430782003598935e-001, 3.297077274322174e-001,-1.577002850913731e-001, 1.549969821101491e-001
 7.366666666666667e+000, 6.774189385764730e-002,-6.196944119146686e-002, 6.439216351828787e-001, 3.249191193401537e-001,-1.593318826148688e-001, 1.504387065063565e-001
 7.375000000000001e+000, 6.105268188542151e-002,-6.171709412564796e-002, 6.445027572394488e-001, 3.205853051680959e-001,-1.611552031178270e-001, 1.461108859415991e-001
 7.383333333333334e+000, 5.461794409646566e-002,-6.144330563011269e-002, 6.448134060862975e-001, 3.167463788731942e-001,-1.631804647118341e-001, 1.420427011282988e-001
 7.391666666666668e+000, 4.845050596406349e-002,-6.113687488405861e-002, 6.448555830494673e-001, 3.134385099603227e-001,-1.654155378271869e-001, 1.382441474810700e-001
 7.400000000000000e+000, 4.256170657230921e-002,-6.078892051262752e-002, 6.446380801947093e-001, 3.106904609261082e-001,-1.678654981553467e-001, 1.347127380918261e-001
 7.408333333333334e+000, 3.695947383048999e-002,-6.039401758993779e-002, 6.441736867102592e-001, 3.085202127323466e-001,-1.705328916269667e-001, 1.314400080227459e-001
 7.416666666666667e+000, 3.164684385087080e-002,-5.995095179447296e-002, 6.434780703132771e-001, 3.069324823740034e-001,-1.734181524769164e-001, 1.284145003344888e-001
 7.425000000000001e+000, 2.662040601482220e-002,-5.946284522984024e-002, 6.425694114683282e-001, 3.059168267678515e-001,-1.765190988611163e-001, 1.256222711107373e-001
 7.433333333333334e+000, 2.187198753207707e-002,-5.893637234229554e-002, 6.414697108861217e-001, 3.054467034754531e-001,-1.798296031206795e-001, 1.230475575709455e-001
 7.441666666666667e+000, 1.738486916888083e-002,-5.838161549731535e-002, 6.402000035278811e-001, 3.054807809391167e-001,-1.833384969358289e-001, 1.206748323115261e-001
 7.450000000000000e+000, 1.313902838845863e-002,-5.781052408710230e-002, 6.387802241249938e-001, 3.059689389118848e-001,-1.870301803276035e-001, 1.184907883302507e-001
 7.458333333333334e+000, 9.113979262016975e-003,-5.723526082409736e-002, 6.372286811989907e-001, 3.068593011740108e-001,-1.908865261771576e-001, 1.164833943016339e-001
 7.466666666666667e+000, 5.290577428595738e-003,-5.666702478503183e-002, 6.355628747535349e-001, 3.081017960692765e-001,-1.948887168567292e-001, 1.146375206956636e-001
 7.475000000000001e+000, 1.651058566149939e-003,-5.611627248606088e-002, 6.337996483717769e-001, 3.096472845491896e-001,-1.990177963179017e-001, 1.129310634594732e-001
 7.483333333333334e+000,-1.821783918931322e-003,-5.559426201603346e-002, 6.319547217447671e-001, 3.114446974117557e-001,-2.032538049970768e-001, 1.113361978657450e-001
 7.491666666666667e+000,-5.145162022968933e-003,-5.511486378914787e-002, 6.300423381845862e-001, 3.134392177720362e-001,-2.075750001929466e-001, 1.098252369389429e-001
 7.500000000000000e+000,-8.334955063407860e-003,-5.469460009480875e-002, 6.280752381668540e-001, 3.155737862514072e-001,-2.119587555524237e-001, 1.083760898544694e-001
 7.508333333333334e+000,-1.140313439885194e-002,-5.435050353696824e-002, 6.260653187668361e-001, 3.177923349934469e-001,-2.163827134202162e-001, 1.069735034035759e-001
 7.516666666666668e+000,-1.435672156240632e-002,-5.409796320385518e-002, 6.240260842284158e-001, 3.200406768129583e-001,-2.208239628660771e-001, 1.056060092984308e-001
 7.525000000000000e+000,-1.719972695722098e-002,-5.395017107483180e-002, 6.219719107506448e-001, 3.222659568367519e-001,-2.252575270999668e-001, 1.042619313239304e-001
 7.533333333333334e+000,-1.993384872286598e-002,-5.391735795217145e-002, 6.199246664503071e-001, 3.244163041980852e-001,-2.296567696080251e-001, 1.029254267101584e-001
 7.541666666666667e+000,-2.255944560889286e-002,-5.400630678907259e-002, 6.179112031558520e-001, 3.264440183513416e-001,-2.339947876100715e-001, 1.015767018933252e-001
 7.550000000000001e+000,-2.507458936593823e-002,-5.421943029307808e-002, 6.159630050170704e-001, 3.283087142609636e-001,-2.382456057426777e-001, 1.001945177362018e-001
 7.558333333333334e+000,-2.747435850541741e-002,-5.455408000405737e-002, 6.141140276392240e-001, 3.299797497706216e-001,-2.423847451862730e-001, 9.876027622161755e-002
 7.566666666666667e+000,-2.975545337456877e-002,-5.500237621037463e-002, 6.124030575818136e-001, 3.314349495359764e-001,-2.463887777919853e-001, 9.725997842089507e-002
 7.575000000000001e+000,-3.191656748254492e-002,-5.555215987062034e-002, 6.108673178106717e-001, 3.326600100734175e-001,-2.502333876461537e-001, 9.568678224480376e-002
 7.583333333333334e+000,-3.396389226050717e-002,-5.618802987310057e-002, 6.095436517722781e-001, 3.336448272701971e-001,-2.538912059926184e-001, 9.403998151297741e-002
 7.591666666666667e+000,-3.591342407258130e-002,-5.689269788005458e-002, 6.084660003068904e-001, 3.343815173120690e-001,-2.573299735430162e-001, 9.232394225513556e-002
 7.600000000000001e+000,-3.779311367197994e-002,-5.764754373221237e-002, 6.076641504209425e-001, 3.348626709964688e-001,-2.605112249868128e-001, 9.054490547628899e-002
 7.608333333333334e+000,-3.964325384021308e-002,-5.843128863982527e-002, 6.071620350226207e-001, 3.350812497630756e-001,-2.633902427454093e-001, 8.870675970206661e-002
 7.616666666666667e+000,-4.151477679186150e-002,-5.921826800760321e-002, 6.069749617637203e-001, 3.350324047963503e-001,-2.659180524485824e-001, 8.680828918566425e-002
 7.625000000000001e+000,-4.346579360147072e-002,-5.997891213161721e-002, 6.071060712090061e-001, 3.347160011882248e-001,-2.680447458696097e-001, 8.484351584593877e-002
 7.633333333333334e+000,-4.555790086114543e-002,-6.068266812223255e-002, 6.075438280532102e-001, 3.341377343525671e-001,-2.697221619367260e-001, 8.280447448594740e-002
 7.641666666666668e+000,-4.784495666711118e-002,-6.130171937840490e-002, 6.082601584316386e-001, 3.333094670536398e-001,-2.709046352404094e-001, 8.068515359397419e-002
 7.650000000000000e+000,-5.037586681763329e-002,-6.181520859475254e-002, 6.092145016654178e-001, 3.322449287694123e-001,-2.715489179622474e-001, 7.847980062681398e-002
 7.658333333333334e+000,-5.318328288614863e-002,-6.221101000433404e-002, 6.103546335452659e-001, 3.309616785025392e-001,-2.716150431812086e-001, 7.618265683805131e-002
 7.666666666666668e+000,-5.627853121766072e-002,-6.248535423673096e-002, 6.116200218228710e-001, 3.294859720811497e-001,-2.710685943491700e-001, 7.378851700704368e-002
 7.675000000000001e+000,-5.964576474208619e-002,-6.264132655567845e-002, 6.129461797318595e-001, 3.278591821274551e-001,-2.698826679538011e-001, 7.129570401259237e-002
 7.683333333333334e+000,-6.324144650510948e-002,-6.268756218029692e-002, 6.142697595115630e-001, 3.261378328787083e-001,-2.680375389670702e-001, 6.870906761871023e-002
 7.691666666666667e+000,-6.700196540806083e-002,-6.263681913986741e-002, 6.155322961926837e-001, 3.243839974388176e-001,-2.655180063369923e-001, 6.604280007549895e-002
 7.700000000000001e+000,-7.085567657350543e-002,-6.250360687529177e-002, 6.166827790672561e-001, 3.226524852852612e-001,-2.623104219744309e-001, 6.332231760792001e-002
 7.708333333333334e+000,-7.473285131467866e-002,-6.230124512651680e-002, 6.176806596489088e-001, 3.209835859739589e-001,-2.584011461090722e-001, 6.058353072158725e-002
 7.716666666666668e+000,-7.857038453222520e-002,-6.203925211735761e-002, 6.184988754444901e-001, 3.194035015143847e-001,-2.537765688617725e-001, 5.786975266089539e-002
 7.725000000000001e+000,-8.231229050997403e-002,-6.172110837962541e-002, 6.191257613748107e-001, 3.179291474301780e-001,-2.484241796720299e-001, 5.522707986937404e-002
 7.733333333333334e+000,-8.590863681853782e-002,-6.134301183981394e-002, 6.195659061785418e-001, 3.165727710186017e-001,-2.423342160448391e-001, 5.269921562680247e-002
 7.741666666666667e+000,-8.931484047620633e-002,-6.089494949808172e-002, 6.198401412214817e-001, 3.153436491863597e-001,-2.355015191596583e-001, 5.032422391029141e-002
 7.750000000000001e+000,-9.249189846217910e-002,-6.036364927905913e-002, 6.199847192207562e-001, 3.142479991929477e-001,-2.279271553718774e-001, 4.813423308869402e-002
 7.758333333333334e+000,-9.540742097346970e-002,-5.973597054160251e-002, 6.200490691981561e-001, 3.132891025011453e-001,-2.196179301024542e-001, 4.615600566093409e-002
 7.766666666666668e+000,-9.803677770107803e-002,-5.900220563132241e-002, 6.200902960492616e-001, 3.124676300644529e-001,-2.105819687969487e-001, 4.441134475603191e-002
 7.775000000000000e+000,-1.003636347313054e-001,-5.815851789678495e-002, 6.201646371569757e-001, 3.117820799682981e-001,-2.008228320695880e-001, 4.291878367521290e-002
 7.783333333333334e+000,-1.023799164164095e-001,-5.720758936339854e-002, 6.203197326840589e-001, 3.112297019570535e-001,-1.903366368008408e-001, 4.169692409570188e-002
 7.791666666666668e+000,-1.040850735791397e-001,-5.615781237647100e-002, 6.205909334569901e-001, 3.108078354741815e-001,-1.791127486462620e-001, 4.076760443814822e-002
 7.800000000000001e+000,-1.054821564435421e-001,-5.502132166414997e-002, 6.210012955643629e-001, 3.105166501660176e-001,-1.671357649492736e-001, 4.015756266934629e-002
 7.808333333333334e+000,-1.065798859257975e-001,-5.381146383820101e-002, 6.215636887408296e-001, 3.103617677139027e-001,-1.543878105651974e-001, 3.989714559446891e-002
 7.816666666666667e+000,-1.073800880972649e-001,-5.253985303276565e-002, 6.222823001236157e-001, 3.103589224613701e-001,-1.408494153832697e-001, 4.002169146521105e-002
 7.825000000000001e+000,-1.078818592186913e-001,-5.121570621710880e-002, 6.231544614985870e-001, 3.105332287638012e-001,-1.265001719518981e-001, 4.057004607458686e-002
 7.833333333333334e+000,-1.080794380650857e-001,-4.984543810940134e-002, 6.241716027046583e-001, 3.109191819560560e-001,-1.113194723636665e-001, 4.158404093774629e-002
 7.841666666666668e+000,-1.079612695352743e-001,-4.843206434212566e-002, 6.253196793500371e-001, 3.115608894580663e-001,-9.528822713793922e-002, 4.310790845106671e-002
 7.850000000000001e+000,-1.075089917217547e-001,-4.697501115453684e-002, 6.265782934717545e-001, 3.125122161160154e-001,-7.839090963974713e-002, 4.518970315399364e-002
 7.858333333333334e+000,-1.066964081985580e-001,-4.547065679269480e-002, 6.279179530626026e-001, 3.138373922578246e-001,-6.061795169745809e-002, 4.788564057311363e-002
 7.866666666666667e+000,-1.054884952009459e-001,-4.391305757048847e-002, 6.292968127700837e-001, 3.156118743711861e-001,-4.196780237904831e-002, 5.126503978552666e-002
 7.875000000000001e+000,-1.038416539042450e-001,-4.229483011447655e-002, 6.306595844339307e-001, 3.179208753103372e-001,-2.244754899907261e-002, 5.541180770096739e-002
 7.883333333333335e+000,-1.017055477866839e-001,-4.060816390818989e-002, 6.319394586889786e-001, 3.208553497558819e-001,-2.073648991574990e-003, 6.042092519476221e-002
 7.891666666666668e+000,-9.902504274605779e-002,-3.884553512036426e-002, 6.330613447196823e-001, 3.245086876086849e-001, 1.912501115655052e-002, 6.639165363495500e-002
 7.900000000000000e+000,-9.574140121491757e-002,-3.699972979498556e-002, 6.339451023128281e-001, 3.289765309663283e-001, 4.110179935559775e-002, 7.341930713013163e-002
 7.908333333333334e+000,-9.179327734397166e-002,-3.506293369505720e-002, 6.345089167078598e-001, 3.343587881067421e-001, 6.378569447536064e-002, 8.158657815977083e-002
 7.916666666666668e+000,-8.711830576529173e-002,-3.302583337283105e-002, 6.346727807281943e-001, 3.407605831504884e-001, 8.707391415448694e-002, 9.095567352444672e-002
 7.925000000000001e+000,-8.165561336462161e-002,-3.087834327408334e-002, 6.343613984440928e-001, 3.482904008855998e-001, 1.108240853419532e-001, 1.015619084077062e-001
 7.933333333333335e+000,-7.534880777499646e-002,-2.861162112311932e-002, 6.335061916237508e-001, 3.570568745795675e-001, 1.348460483120714e-001, 1.134082199382099e-001
 7.941666666666667e+000,-6.814888818074849e-002,-2.621958246574119e-002, 6.320469914815924e-001, 3.671658897679123e-001, 1.588938238246165e-001, 1.264600790401083e-001
 7.950000000000001e+000,-6.001719625932663e-002,-2.369970563021129e-002, 6.299341855570732e-001, 3.787178362253146e-001, 1.826590328003495e-001, 1.406408734765695e-001
 7.958333333333334e+000,-5.092806039032524e-002,-2.105412468064682e-002, 6.271310764759406e-001, 3.918046901348058e-001, 2.057678601485419e-001, 1.558287953714289e-001
 7.966666666666668e+000,-4.086903707960498e-002,-1.829040874505505e-002, 6.236143217911697e-001, 4.065097761344532e-001, 2.277825880950451e-001, 1.718568679943351e-001
 7.975000000000001e+000,-2.983732821022415e-002,-1.542077227953986e-002, 6.193705253003535e-001, 4.229140934631523e-001, 2.482061801126997e-001, 1.885156090892916e-001
 7.983333333333334e+000,-1.783503066924491e-002,-1.246053065161190e-002, 6.143926589410951e-001, 4.411054032642108e-001, 2.664897130823032e-001, 2.055563799816947e-001
 7.991666666666667e+000,-4.867172420542207e-003,-9.427240327975150e-003, 6.086822304689236e-001, 4.611801833317457e-001, 2.820460793317423e-001, 2.226973557873578e-001
 8.000000000000000e+000, 9.057025660094704e-003,-6.340607805556120e-003, 6.022558638014459e-001, 4.832344696283373e-001, 2.942731035955929e-001, 2.396362464782444e-001
 8.008333333333335e+000, 2.392099724258003e-002,-3.222965038944370e-003, 5.951513306979830e-001, 5.073464177165116e-001, 3.025873283334390e-001, 2.560699111203154e-001
 8.016666666666668e+000, 3.969578890738117e-002,-1.001249264114268e-004, 5.874320477004615e-001, 5.335535736904125e-001, 3.064695492356554e-001, 2.717183460207412e-001
