Main.Studies.MarkerTracking.t,Main.Studies.MarkerTracking.JointAngleOutputs.OutputFile2.HipFlexion,Main.Studies.MarkerTracking.JointAngleOutputs.OutputFile2.HipAbduction,Main.Studies.MarkerTracking.JointAngleOutputs.OutputFile2.HipExternalRotation,Main.Studies.MarkerTracking.JointAngleOutputs.OutputFile2.KneeFlexion,Main.Studies.MarkerTracking.JointAngleOutputs.OutputFile2.AnklePlantarFlexion,Main.Studies.MarkerTracking.JointAngleOutputs.OutputFile2.SubTalarEversion
 5.958333333333333e+000,-7.592902117316901e-002, 6.019681790177556e-002, 6.177429037401055e-001, 2.260724879585634e-001,-3.001179910005805e-001,-1.916955850834807e-001
 5.966666666666667e+000,-7.890755511838164e-002, 6.152632078669162e-002, 6.171448665849010e-001, 2.264905883584256e-001,-3.019338681919880e-001,-1.924611235247757e-001
 5.975000000000000e+000,-8.192073382827393e-002, 6.276328768856088e-002, 6.163955931912004e-001, 2.268660283388715e-001,-3.037598655619495e-001,-1.930081325769639e-001
 5.983333333333333e+000,-8.495368884883021e-002, 6.388846937001791e-002, 6.154821848777331e-001, 2.272113786305589e-001,-3.056140057022729e-001,-1.933009253492752e-001
 5.991666666666666e+000,-8.799655899072116e-002, 6.489269852838819e-002, 6.144020958569566e-001, 2.275426941783473e-001,-3.075242374898838e-001,-1.933227608403170e-001
 6.000000000000000e+000,-9.104103586672102e-002, 6.577594717885860e-002, 6.131654660437054e-001, 2.278805324859468e-001,-3.095286794427498e-001,-1.930778160525225e-001
 6.008333333333333e+000,-9.407842663380674e-002, 6.654658179656603e-002, 6.117973705267571e-001, 2.282502235787105e-001,-3.116755353632892e-001,-1.925921599001531e-001
 6.016666666666667e+000,-9.709911114170346e-002, 6.722066343254385e-002, 6.103389395232028e-001, 2.286808921203384e-001,-3.140221277135500e-001,-1.919123899796501e-001
 6.025000000000000e+000,-1.000934421045308e-001, 6.782009500789199e-002, 6.088451216795311e-001, 2.292029414550360e-001,-3.166318068673371e-001,-1.911007701401124e-001
 6.033333333333333e+000,-1.030536732416374e-001, 6.836875198278491e-002, 6.073765350464149e-001, 2.298445250298518e-001,-3.195676281030041e-001,-1.902266637987016e-001
 6.041666666666666e+000,-1.059756405802603e-001, 6.888772883129524e-002, 6.059877626286496e-001, 2.306282766015083e-001,-3.228838506988899e-001,-1.893563843776154e-001
 6.050000000000000e+000,-1.088592028918453e-001, 6.939219673913710e-002, 6.047192759931895e-001, 2.315690394208235e-001,-3.266177339695531e-001,-1.885462390302448e-001
 6.058333333333333e+000,-1.117077570030732e-001, 6.989054359853331e-002, 6.035964731050090e-001, 2.326722590500064e-001,-3.307825245741214e-001,-1.878417043043202e-001
 6.066666666666666e+000,-1.145272963841397e-001, 7.038445427377948e-002, 6.026326069254401e-001, 2.339327094083133e-001,-3.353614220966760e-001,-1.872802503476701e-001
 6.075000000000000e+000,-1.173252497179088e-001, 7.086905934728449e-002, 6.018316934248189e-001, 2.353334599375734e-001,-3.403032072177580e-001,-1.868938757482092e-001
 6.083333333333333e+000,-1.201097924931481e-001, 7.133329285512824e-002, 6.011907988095598e-001, 2.368449953809302e-001,-3.455208627515528e-001,-1.867106778445552e-001
 6.091666666666667e+000,-1.228901390184350e-001, 7.176060478039115e-002, 6.007025503122461e-001, 2.384249032969877e-001,-3.508942491521601e-001,-1.867564807007742e-001
 6.100000000000000e+000,-1.256771595311362e-001, 7.212990183426982e-002, 6.003576355546535e-001, 2.400190829064400e-001,-3.562771469145236e-001,-1.870562666487284e-001
 6.108333333333333e+000,-1.284833490631095e-001, 7.241665743143799e-002, 6.001465288923832e-001, 2.415649751872237e-001,-3.615080848831516e-001,-1.876347023649325e-001
 6.116666666666666e+000,-1.313231180360261e-001, 7.259421990955195e-002, 6.000607502791789e-001, 2.429959798416345e-001,-3.664237794352909e-001,-1.885159779799184e-001
 6.125000000000000e+000,-1.342080260965392e-001, 7.263716347500937e-002, 6.000916700008879e-001, 2.442490311767964e-001,-3.708750502841770e-001,-1.897195702373892e-001
 6.133333333333333e+000,-1.371548683050941e-001, 7.252221515199331e-002, 6.002289053160195e-001, 2.452686257998548e-001,-3.747414668741309e-001,-1.912500892607935e-001
 6.141666666666667e+000,-1.401770610527831e-001, 7.223320137900835e-002, 6.004539909257918e-001, 2.460163582931643e-001,-3.779462872744536e-001,-1.930837100703172e-001
 6.150000000000000e+000,-1.432892994175178e-001, 7.176245071255538e-002, 6.007426467411327e-001, 2.464715561480385e-001,-3.804648310721429e-001,-1.951714271232435e-001
 6.158333333333333e+000,-1.465071926166555e-001, 7.111294296342230e-002, 6.010724120215886e-001, 2.466302681932069e-001,-3.823276195388743e-001,-1.974577352696887e-001
 6.166666666666666e+000,-1.498468203290455e-001, 7.029884608170245e-002, 6.014298613120885e-001, 2.465033721566619e-001,-3.836174995202311e-001,-1.998992914170387e-001
 6.175000000000000e+000,-1.533217934163018e-001, 6.934187701163608e-002, 6.018105177778581e-001, 2.461151318964620e-001,-3.844612547945195e-001,-2.024712066809586e-001
 6.183333333333334e+000,-1.569378805804801e-001, 6.826339468146081e-002, 6.022117078493160e-001, 2.455016288981634e-001,-3.850173462759216e-001,-2.051609351463586e-001
 6.191666666666666e+000,-1.606888448412019e-001, 6.707805456172555e-002, 6.026254814931205e-001, 2.447087868674792e-001,-3.854617555097269e-001,-2.079565161420601e-001
 6.200000000000000e+000,-1.645566459627678e-001, 6.579317747941471e-002, 6.030374479015052e-001, 2.437888541223017e-001,-3.859706546961124e-001,-2.108387278977905e-001
 6.208333333333333e+000,-1.685154300023594e-001, 6.441180478003217e-002, 6.034306285771106e-001, 2.427939056723306e-001,-3.866980799905758e-001,-2.137833103023764e-001
 6.216666666666667e+000,-1.725381573641773e-001, 6.293645132993508e-002, 6.037912412816783e-001, 2.417674380482372e-001,-3.877533783549662e-001,-2.167697398450637e-001
 6.225000000000000e+000,-1.765969049973500e-001, 6.137455889922450e-002, 6.041133020606667e-001, 2.407407953220815e-001,-3.891895627304907e-001,-2.197873540223837e-001
 6.233333333333333e+000,-1.806760789351175e-001, 5.973883237757649e-002, 6.044032435679898e-001, 2.397292611744034e-001,-3.910058120567654e-001,-2.228379134438969e-001
 6.241666666666666e+000,-1.847629202505177e-001, 5.805022371813839e-002, 6.046770155850449e-001, 2.387397329584623e-001,-3.931662677613061e-001,-2.259320142158022e-001
 6.250000000000000e+000,-1.888515872805634e-001, 5.633463943128558e-002, 6.049557538763581e-001, 2.377729702134298e-001,-3.956181819708076e-001,-2.290859925180915e-001
 6.258333333333333e+000,-1.929416184845300e-001, 5.462130094655726e-002, 6.052605731737293e-001, 2.368263720258436e-001,-3.983042825060764e-001,-2.323185531691814e-001
 6.266666666666667e+000,-1.970376490895464e-001, 5.294147630741830e-002, 6.056097501980901e-001, 2.358952623717163e-001,-4.011682177363339e-001,-2.356484203508844e-001
 6.275000000000000e+000,-2.011486276350553e-001, 5.132702678720613e-002, 6.060172745723891e-001, 2.349737698480960e-001,-4.041565245968047e-001,-2.390924196253423e-001
 6.283333333333333e+000,-2.052866364145427e-001, 4.980885338368513e-002, 6.064918103744679e-001, 2.340552581442269e-001,-4.072191930940080e-001,-2.426639508333818e-001
 6.291666666666667e+000,-2.094654501547588e-001, 4.841583265040184e-002, 6.070359646606334e-001, 2.331325955671858e-001,-4.103094475930894e-001,-2.463721895006979e-001
 6.300000000000000e+000,-2.136986210318986e-001, 4.717446016728122e-002, 6.076461286092144e-001, 2.321989346626660e-001,-4.133830709616257e-001,-2.502219485930408e-001
 6.308333333333334e+000,-2.179971529577721e-001, 4.610926531478898e-002, 6.083131767594030e-001, 2.312489174305122e-001,-4.163977702136951e-001,-2.542138298394643e-001
 6.316666666666666e+000,-2.223673795738919e-001, 4.524367482757019e-002, 6.090237664609610e-001, 2.302792826219699e-001,-4.193127067325729e-001,-2.583442676220204e-001
 6.325000000000000e+000,-2.268096447287175e-001, 4.459979498814737e-002, 6.097616425080472e-001, 2.292882229663592e-001,-4.220880015742004e-001,-2.626041765044647e-001
 6.333333333333333e+000,-2.313176843204584e-001, 4.419555352449711e-002, 6.105086801738806e-001, 2.282741043091638e-001,-4.246842747106704e-001,-2.669746251704625e-001
 6.341666666666667e+000,-2.358785679390179e-001, 4.404074610837672e-002, 6.112460898095191e-001, 2.272345876986760e-001,-4.270623302428265e-001,-2.714220194515878e-001
 6.350000000000000e+000,-2.404736242656693e-001, 4.413559167841297e-002, 6.119563294125189e-001, 2.261664902058135e-001,-4.291827832304139e-001,-2.758987702893678e-001
 6.358333333333333e+000,-2.450803546648910e-001, 4.447250671676839e-002, 6.126253375373733e-001, 2.250660696342325e-001,-4.310053342418445e-001,-2.803507710615411e-001
 6.366666666666666e+000,-2.496746006241980e-001, 4.503894697634436e-002, 6.132443271694301e-001, 2.239293587751155e-001,-4.324875500187073e-001,-2.847269316441899e-001
 6.375000000000000e+000,-2.542323464941083e-001, 4.581971556807885e-002, 6.138111370743207e-001, 2.227522746223981e-001,-4.335830418273126e-001,-2.889863884690336e-001
 6.383333333333333e+000,-2.587309096577616e-001, 4.679820809331736e-002, 6.143314983222377e-001, 2.215303646497302e-001,-4.342392782993619e-001,-2.931019479132900e-001
 6.391666666666667e+000,-2.631493045956117e-001, 4.795689764278444e-002, 6.148198551169564e-001, 2.202587074119982e-001,-4.343961001834100e-001,-2.970600433010228e-001
 6.400000000000000e+000,-2.674676457091004e-001, 4.927789844593633e-002, 6.152988692613050e-001, 2.189329152126182e-001,-4.339860301308634e-001,-3.008584302284313e-001
 6.408333333333333e+000,-2.716659567581579e-001, 5.074374568910334e-002, 6.157976681137918e-001, 2.175512081599522e-001,-4.329363926574112e-001,-3.045027765995397e-001
 6.416666666666667e+000,-2.757230811148643e-001, 5.233783640358447e-002, 6.163497913960405e-001, 2.161163769544707e-001,-4.311726370424289e-001,-3.080024223794984e-001
 6.425000000000000e+000,-2.796165307509960e-001, 5.404443147378157e-002, 6.169912758662991e-001, 2.146362609993072e-001,-4.286223886058693e-001,-3.113665392727160e-001
 6.433333333333334e+000,-2.833239533102354e-001, 5.584869719370023e-002, 6.177585211665649e-001, 2.131220195444778e-001,-4.252197926306527e-001,-3.146032240068640e-001
 6.441666666666666e+000,-2.868257126405938e-001, 5.773700151061156e-002, 6.186858923692689e-001, 2.115850671559339e-001,-4.209096525798368e-001,-3.177216742830895e-001
 6.450000000000000e+000,-2.901076528109132e-001, 5.969723154696305e-002, 6.198040281071574e-001, 2.100338630415526e-001,-4.156506466147630e-001,-3.207365086246842e-001
 6.458333333333333e+000,-2.931633009297498e-001, 6.171890804510083e-002, 6.211392933988942e-001, 2.084708421753859e-001,-4.094167435977552e-001,-3.236720401719830e-001
 6.466666666666667e+000,-2.959936422042273e-001, 6.379266108181980e-002, 6.227125639737315e-001, 2.068909510362417e-001,-4.021965205256072e-001,-3.265574613234961e-001
 6.475000000000000e+000,-2.986035275362904e-001, 6.590864150066644e-002, 6.245356585930665e-001, 2.052834771712736e-001,-3.939907344847245e-001,-3.294081786000438e-001
 6.483333333333333e+000,-3.009972748796056e-001, 6.805472503703602e-002, 6.266074564239647e-001, 2.036357166463574e-001,-3.848086208196141e-001,-3.322079790091548e-001
 6.491666666666667e+000,-3.031766656097458e-001, 7.021614438906476e-002, 6.289132516395932e-001, 2.019355038589176e-001,-3.746637844677895e-001,-3.349111640601494e-001
 6.500000000000000e+000,-3.051415617563664e-001, 7.237676934898096e-002, 6.314273480596608e-001, 2.001716174076555e-001,-3.635709326108422e-001,-3.374621281243690e-001
 6.508333333333334e+000,-3.068908676836634e-001, 7.452061609203575e-002, 6.341158178650530e-001, 1.983333607603844e-001,-3.515441044202941e-001,-3.398123749851328e-001
 6.516666666666667e+000,-3.084222219671392e-001, 7.663265022081744e-002, 6.369380221100862e-001, 1.964107230974632e-001,-3.385960841082258e-001,-3.419241134650051e-001
 6.525000000000000e+000,-3.097313370879868e-001, 7.869966581756005e-002, 6.398488119250163e-001, 1.943947397015503e-001,-3.247382615572017e-001,-3.437666354445093e-001
 6.533333333333333e+000,-3.108124919631671e-001, 8.071197466233149e-002, 6.428031017234077e-001, 1.922771106320168e-001,-3.099805757465080e-001,-3.453137299238634e-001
 6.541666666666667e+000,-3.116595387665695e-001, 8.266465105308618e-002, 6.457611331762765e-001, 1.900503053088935e-001,-2.943321712331845e-001,-3.465424754635729e-001
 6.550000000000000e+000,-3.122660844149559e-001, 8.455716040182382e-002, 6.486914462906562e-001, 1.877103383031221e-001,-2.778034178231482e-001,-3.474311491632508e-001
 6.558333333333334e+000,-3.126256356168322e-001, 8.639230256214980e-002, 6.515704728467801e-001, 1.852609710916181e-001,-2.604078206137072e-001,-3.479582155547263e-001
 6.566666666666666e+000,-3.127328572441276e-001, 8.817496648672685e-002, 6.543799938837256e-001, 1.827147794117322e-001,-2.421611627823981e-001,-3.481050602790722e-001
 6.575000000000000e+000,-3.125850115925343e-001, 8.990964382736011e-002, 6.571047849208446e-001, 1.800890748780790e-001,-2.230778113433208e-001,-3.478605742694435e-001
 6.583333333333333e+000,-3.121824504585405e-001, 9.159691011200777e-002, 6.597319583637658e-001, 1.774000901669148e-001,-2.031671396498036e-001,-3.472234494964842e-001
 6.591666666666667e+000,-3.115285420790557e-001, 9.323088668610557e-002, 6.622519628303091e-001, 1.746599113227526e-001,-1.824326951272779e-001,-3.462003211479567e-001
 6.600000000000000e+000,-3.106294536129205e-001, 9.479909640486883e-002, 6.646604667154992e-001, 1.718774041963302e-001,-1.608745199916198e-001,-3.448018378955828e-001
 6.608333333333333e+000,-3.094931867879079e-001, 9.628436688302489e-002, 6.669605046894273e-001, 1.690618107338485e-001,-1.384931843879063e-001,-3.430407653380377e-001
 6.616666666666667e+000,-3.081273961427764e-001, 9.766738546246812e-002, 6.691642473678584e-001, 1.662270667599438e-001,-1.152933396818196e-001,-3.409333552847191e-001
 6.625000000000000e+000,-3.065366792479561e-001, 9.892897371924136e-002, 6.712930881925650e-001, 1.633953097914138e-001,-9.128589920075726e-002,-3.385007913000637e-001
 6.633333333333334e+000,-3.047203479148947e-001, 1.000524416305488e-001, 6.733745593938820e-001, 1.605992962949183e-001,-6.649021464843465e-002,-3.357675144650222e-001
 6.641666666666667e+000,-3.026708155368457e-001, 1.010267038750681e-001, 6.754352056512315e-001, 1.578844920364151e-001,-4.093801053617260e-002,-3.327559326058751e-001
 6.650000000000000e+000,-3.003726898949632e-001, 1.018498432176622e-001, 6.774913305467661e-001, 1.553110104097969e-001,-1.467887746468216e-002,-3.294793448316954e-001
 6.658333333333333e+000,-2.978039416920019e-001, 1.025315439409242e-001, 6.795438085091045e-001, 1.529538279910705e-001, 1.221514876815021e-002,-3.259374460022940e-001
 6.666666666666667e+000,-2.949396309524687e-001, 1.030930604374543e-001, 6.815811352111371e-001, 1.508998498115383e-001, 3.964815326012013e-002,-3.221177001000447e-001
 6.675000000000000e+000,-2.917557056841938e-001, 1.035652317297369e-001, 6.835868518131234e-001, 1.492430358420619e-001, 6.750162149872654e-002,-3.179998476883167e-001
 6.683333333333334e+000,-2.882302340734508e-001, 1.039859159604883e-001, 6.855443439654876e-001, 1.480796072132639e-001, 9.563675145693491e-002,-3.135586634380945e-001
 6.691666666666666e+000,-2.843449799954445e-001, 1.043970336272184e-001, 6.874363065139956e-001, 1.475082123820818e-001, 1.238944673258598e-001,-3.087595512160438e-001
 6.700000000000000e+000,-2.800798791289559e-001, 1.048431454819969e-001, 6.892386362479045e-001, 1.476254986208621e-001, 1.520994779277907e-001,-3.035611313828011e-001
 6.708333333333334e+000,-2.754141277600390e-001, 1.053690770616085e-001, 6.909143625782301e-001, 1.485326749870091e-001, 1.800595861518294e-001,-2.979088509589331e-001
 6.716666666666667e+000,-2.703215362091840e-001, 1.060189239561091e-001, 6.924069444455933e-001, 1.503345249535562e-001, 2.075712640612349e-001,-2.917395770745132e-001
 6.725000000000001e+000,-2.647690467360502e-001, 1.068348362315885e-001, 6.936345098348605e-001, 1.531402601937983e-001, 2.344248692381729e-001,-2.849847459837088e-001
 6.733333333333333e+000,-2.587172396888806e-001, 1.078552771253079e-001, 6.944853200902049e-001, 1.570588498041206e-001, 2.604140975509842e-001,-2.775793170503837e-001
 6.741666666666667e+000,-2.521139567425128e-001, 1.091167349149700e-001, 6.948182420172987e-001, 1.622147863316682e-001, 2.853326278780720e-001,-2.694602944294657e-001
 6.750000000000000e+000,-2.449017700005733e-001, 1.106477424711552e-001, 6.944639728160300e-001, 1.687235511345367e-001, 3.089957851968121e-001,-2.605921977906585e-001
 6.758333333333334e+000,-2.370125991036009e-001, 1.124694245538245e-001, 6.932309923651570e-001, 1.767068371246261e-001, 3.312337944144755e-001,-2.509653800708021e-001
 6.766666666666667e+000,-2.283683016584670e-001, 1.145937064878677e-001, 6.909134680657579e-001, 1.862917417998240e-001, 3.518936693223933e-001,-2.406056097499864e-001
 6.775000000000000e+000,-2.188806531279987e-001, 1.170232941330447e-001, 6.873048959813103e-001, 1.976146570342723e-001, 3.708378527144509e-001,-2.295826525137151e-001
 6.783333333333333e+000,-2.084521203931934e-001, 1.197525765698702e-001, 6.822159297520887e-001, 2.108248516071635e-001, 3.879418160916285e-001,-2.180173871769026e-001
 6.791666666666667e+000,-1.969773245347651e-001, 1.227686861572632e-001, 6.754917844166111e-001, 2.260866711693557e-001, 4.030889289961169e-001,-2.060822721739889e-001
 6.800000000000000e+000,-1.843450572220310e-001, 1.260525488253752e-001, 6.670261772384759e-001, 2.435794997725704e-001, 4.161631483841500e-001,-1.939930895202271e-001
 6.808333333333334e+000,-1.704415802078934e-001, 1.295803386152137e-001, 6.567719402942909e-001, 2.634940872657827e-001, 4.270431360034301e-001,-1.819928730986252e-001
 6.816666666666666e+000,-1.551567294627191e-001, 1.333247987537818e-001, 6.447488295283000e-001, 2.860229110668511e-001, 4.356017211414922e-001,-1.703284981987676e-001
 6.825000000000000e+000,-1.383929120447868e-001, 1.372562727976243e-001, 6.310480712186818e-001, 3.113448653546870e-001, 4.417111232081740e-001,-1.592190183514145e-001
 6.833333333333334e+000,-1.200816762611996e-001, 1.413419259341175e-001, 6.158296109513110e-001, 3.395907878810157e-001, 4.452630265225187e-001,-1.488336306011197e-001
 6.841666666666667e+000,-1.001900712453028e-001, 1.455494489349973e-001, 5.993167986200048e-001, 3.708331262771261e-001, 4.461797765502976e-001,-1.392524083730087e-001
 6.850000000000001e+000,-7.873396684837403e-002, 1.498437472576555e-001, 5.817780170036556e-001, 4.050530244790636e-001, 4.444457455084558e-001,-1.304559120311150e-001
 6.858333333333333e+000,-5.577889361347298e-002, 1.541846932029389e-001, 5.635045061571996e-001, 4.421339735909561e-001, 4.401215319896287e-001,-1.223149828217713e-001
 6.866666666666667e+000,-3.143915162979996e-002, 1.585251495739322e-001, 5.447878484511370e-001, 4.818602771808193e-001, 4.333437708066033e-001,-1.146118597615594e-001
 6.875000000000000e+000,-5.874369899389011e-003, 1.628110722656109e-001, 5.259010726684623e-001, 5.239232004431318e-001, 4.243071891178246e-001,-1.070854192335460e-001
 6.883333333333334e+000, 2.071907661619367e-002, 1.669829255598054e-001, 5.070839088872930e-001, 5.679369172253419e-001, 4.132360797397643e-001,-9.947939456907343e-002
 6.891666666666667e+000, 4.812169195509275e-002, 1.709779982508806e-001, 4.885342707739380e-001, 6.134625224257522e-001, 4.003545566500433e-001,-9.158088740986717e-002
 6.900000000000000e+000, 7.610639640534375e-002, 1.747331430524299e-001, 4.704068790287886e-001, 6.600351325292473e-001, 3.858618603046909e-001,-8.324477892323431e-002
 6.908333333333333e+000, 1.044530456664203e-001, 1.781870030011639e-001, 4.528165037740894e-001, 7.071897684339874e-001, 3.699156942364328e-001,-7.439966494615967e-002
 6.916666666666667e+000, 1.329604524461773e-001, 1.812816934526247e-001, 4.358432929258134e-001, 7.544831820705672e-001, 3.526264999576433e-001,-6.503681149393023e-002
 6.925000000000001e+000, 1.614557713245869e-001, 1.839641162018932e-001, 4.195390724572655e-001, 8.015098697471187e-001, 3.340651069276699e-001,-5.519139138558467e-002
 6.933333333333334e+000, 1.898009496587030e-001, 1.861863542136795e-001, 4.039344538906524e-001, 8.479116615546190e-001, 3.142810354042163e-001,-4.492288297853658e-002
 6.941666666666667e+000, 2.178950864011408e-001, 1.879054823304358e-001, 3.890464704547403e-001, 8.933814899621744e-001, 2.933248609367045e-001,-3.429482302893247e-002
 6.950000000000000e+000, 2.456725060694174e-001, 1.890842042017296e-001, 3.748854102486307e-001, 9.376626123513651e-001, 2.712691866591698e-001,-2.335476682644726e-002
 6.958333333333334e+000, 2.730977884797300e-001, 1.896929013504334e-001, 3.614597391011906e-001, 9.805447574258102e-001, 2.482230547792192e-001,-1.212009228259269e-002
 6.966666666666667e+000, 3.001585231765908e-001, 1.897126748780373e-001, 3.487784825274074e-001, 1.021858436860131e+000, 2.243350332427697e-001,-5.761164293053133e-004
 6.975000000000001e+000, 3.268559124038591e-001, 1.891386046160439e-001, 3.368508897022603e-001, 1.061467878476908e+000, 1.997853003600887e-001, 1.131077972134276e-002
 6.983333333333333e+000, 3.531944781357903e-001, 1.879823829067688e-001, 3.256849834906930e-001, 1.099263088214485e+000, 1.747710185705901e-001, 2.356883152776418e-002
 6.991666666666667e+000, 3.791725521592484e-001, 1.862720367156594e-001, 3.152821494943943e-001, 1.135152464148971e+000, 1.494888712101591e-001, 3.619544211912535e-002
 7.000000000000000e+000, 4.047759265693041e-001, 1.840538830559415e-001, 3.056394828223781e-001, 1.169056697627022e+000, 1.241173699975428e-001, 4.913406843682121e-002
 7.008333333333334e+000, 4.299745269790271e-001, 1.813909257421222e-001, 2.967470151002604e-001, 1.200904559481758e+000, 9.880277900742476e-002, 6.226157982034728e-002
 7.016666666666667e+000, 4.547237418063668e-001, 1.783610875599628e-001, 2.885905560899387e-001, 1.230630677045739e+000, 7.365138217901501e-002, 7.538788600691772e-002
 7.025000000000000e+000, 4.789701033358810e-001, 1.750530315307857e-001, 2.811541951648057e-001, 1.258175888152470e+000, 4.873121411872997e-002, 8.826948555934951e-002
 7.033333333333333e+000, 5.026599898753712e-001, 1.715603058536723e-001, 2.744218774804171e-001, 1.283489814057840e+000, 2.408159942890720e-002, 1.006313189977754e-001
 7.041666666666667e+000, 5.257483057274968e-001, 1.679747224770702e-001, 2.683779835389349e-001, 1.306534145280164e+000,-2.753987663536190e-004, 1.121906813373125e-001
 7.050000000000001e+000, 5.482039165583686e-001, 1.643802184913197e-001, 2.630072583105272e-001, 1.327284990859575e+000,-2.432641570367633e-002, 1.226778559871984e-001
 7.058333333333334e+000, 5.700113012801075e-001, 1.608483874427948e-001, 2.582944008047770e-001, 1.345733943508110e+000,-4.806138766777914e-002, 1.318508561302717e-001
 7.066666666666666e+000, 5.911702672491613e-001, 1.574368087200082e-001, 2.542252220701402e-001, 1.361888214798727e+000,-7.146747754837697e-002, 1.395082428630554e-001
 7.075000000000000e+000, 6.116948870770357e-001, 1.541899848955197e-001, 2.507907082600203e-001, 1.375769533419417e+000,-9.451991964746966e-002, 1.455055334769576e-001
 7.083333333333334e+000, 6.316112110861021e-001, 1.511404598337887e-001, 2.479905293475765e-001, 1.387412030568124e+000,-1.171739361638624e-001, 1.497709518308970e-001
 7.091666666666667e+000, 6.509535057624961e-001, 1.483083020965366e-001, 2.458317243148103e-001, 1.396860708856165e+000,-1.393634878575200e-001, 1.523100307975554e-001
 7.100000000000001e+000, 6.697598767014600e-001, 1.456998599624078e-001, 2.443238004099416e-001, 1.404171186914265e+000,-1.610061293966443e-001, 1.531980715512703e-001
 7.108333333333334e+000, 6.880681910049493e-001, 1.433073073603715e-001, 2.434740955074024e-001, 1.409409667407083e+000,-1.820093858218543e-001, 1.525679059413423e-001
 7.116666666666667e+000, 7.059123951323342e-001, 1.411097100869232e-001, 2.432849246312614e-001, 1.412652238279959e+000,-2.022771204522346e-001, 1.505951324762235e-001
 7.125000000000000e+000, 7.233190497606469e-001, 1.390759639965742e-001, 2.437521179902703e-001, 1.413983578311049e+000,-2.217161020677375e-001, 1.474789044137982e-001
 7.133333333333334e+000, 7.403045308100749e-001, 1.371686827942784e-001, 2.448642837420401e-001, 1.413495386159493e+000,-2.402409180184535e-001, 1.434232537294061e-001
 7.141666666666668e+000, 7.568736221381033e-001, 1.353473009930577e-001, 2.466028663048369e-001, 1.411284606137362e+000,-2.577755606875966e-001, 1.386275554255953e-001
 7.150000000000000e+000, 7.730194508375228e-001, 1.335701988104483e-001, 2.489437088978400e-001, 1.407451526286158e+000,-2.742535210938895e-001, 1.332862648483241e-001
 7.158333333333333e+000, 7.887243282551267e-001, 1.317965867703199e-001, 2.518596983227434e-001, 1.402098116114933e+000,-2.896194845420886e-001, 1.275905061971188e-001
 7.166666666666667e+000, 8.039616113647324e-001, 1.299882813818347e-001, 2.553226851044241e-001, 1.395326706671903e+000,-3.038327662746361e-001, 1.217255677561504e-001
 7.175000000000001e+000, 8.186984381121656e-001, 1.281117084495125e-001, 2.593037963002542e-001, 1.387238509681678e+000,-3.168701531356874e-001, 1.158635697520405e-001
 7.183333333333334e+000, 8.328984519898612e-001, 1.261402564295895e-001, 2.637732571568310e-001, 1.377931715476080e+000,-3.287269019909165e-001, 1.101545541106573e-001
 7.191666666666667e+000, 8.465242896434225e-001, 1.240558017041278e-001, 2.687010739056980e-001, 1.367499783380881e+000,-3.394153559690113e-001, 1.047197336199968e-001
 7.200000000000000e+000, 8.595403536375262e-001, 1.218487897088949e-001, 2.740584266486087e-001, 1.356030967159927e+000,-3.489594430345440e-001, 9.964786840021929e-002
 7.208333333333334e+000, 8.719156262728436e-001, 1.195180016092710e-001, 2.798185841410975e-001, 1.343609490181449e+000,-3.573861531896243e-001, 9.499324486429674e-002
 7.216666666666667e+000, 8.836255834853144e-001, 1.170706690707719e-001, 2.859567035889681e-001, 1.330317386503619e+000,-3.647194617226819e-001, 9.077429135217142e-002
 7.225000000000001e+000, 8.946528542203510e-001, 1.145221605775342e-001, 2.924487188873936e-001, 1.316235759131998e+000,-3.709793586077126e-001, 8.697280997235185e-002
 7.233333333333333e+000, 9.049870384001969e-001, 1.118947273959681e-001, 2.992694304457272e-001, 1.301445643121221e+000,-3.761839733866328e-001, 8.353334825039795e-002
 7.241666666666667e+000, 9.146242482886561e-001, 1.092157415762334e-001, 3.063897889759039e-001, 1.286029190731018e+000,-3.803527839765446e-001, 8.036372817713844e-002
 7.250000000000000e+000, 9.235665317482124e-001, 1.065152988058498e-001, 3.137737733390547e-001, 1.270070690943896e+000,-3.835088374852579e-001, 7.734028769331786e-002
 7.258333333333334e+000, 9.318216969548019e-001, 1.038276285718225e-001, 3.213790372666833e-001, 1.253657154569622e+000,-3.856778251276780e-001, 7.431886698449347e-002
 7.266666666666668e+000, 9.394022313049765e-001, 1.011852109055318e-001, 3.291548401392992e-001, 1.236877263080157e+000,-3.868822314868277e-001, 7.115177383613804e-002
 7.275000000000000e+000, 9.463254329808688e-001, 9.861876280989290e-002, 3.370457109873234e-001, 1.219820437580956e+000,-3.871336921003777e-001, 6.770477394050881e-002
 7.283333333333333e+000, 9.526130955062825e-001, 9.615356125762031e-002, 3.449930335608288e-001, 1.202575099392627e+000,-3.864258496923728e-001, 6.387294150036989e-002
 7.291666666666667e+000, 9.582905257111636e-001, 9.380883771924009e-002, 3.529371220188489e-001, 1.185227102492426e+000,-3.847316125780860e-001, 5.959189630164431e-002
 7.300000000000001e+000, 9.633838616395798e-001, 9.159720176964092e-002, 3.608180994170726e-001, 1.167858195059260e+000,-3.820058428028578e-001, 5.484451317832622e-002
 7.308333333333334e+000, 9.679189530601153e-001, 8.952568069292921e-002, 3.685779867413166e-001, 1.150544212669380e+000,-3.781923700322959e-001, 4.966443546440136e-002
 7.316666666666667e+000, 9.719200503943533e-001, 8.759545531812085e-002, 3.761615781931536e-001, 1.133352771275970e+000,-3.732340189575634e-001, 4.413566062681178e-002
 7.325000000000001e+000, 9.754068939251605e-001, 8.580084115645703e-002, 3.835159178610392e-001, 1.116341271587723e+000,-3.670841377065782e-001, 3.838624523514401e-002
 7.333333333333334e+000, 9.783957178432210e-001, 8.413344806905276e-002, 3.905929330327812e-001, 1.099555988716994e+000,-3.597172992396174e-001, 3.257506086832560e-002
 7.341666666666667e+000, 9.808996365813431e-001, 8.258228939503454e-002, 3.973495647900077e-001, 1.083031411033220e+000,-3.511367238325200e-001, 2.687501503428096e-002
 7.350000000000001e+000, 9.829244440795291e-001, 8.113143130943690e-002, 4.037453507395325e-001, 1.066790282676303e+000,-3.413790498614923e-001, 2.145489905124325e-002
 7.358333333333334e+000, 9.844718470562357e-001, 7.976413429314744e-002, 4.097432757794911e-001, 1.050843691250408e+000,-3.305166776254324e-001, 1.646125630671652e-002
 7.366666666666667e+000, 9.855369068037450e-001, 7.846202916007727e-002, 4.153066210329962e-001, 1.035191806324712e+000,-3.186580753383307e-001, 1.200335613093130e-002
 7.375000000000000e+000, 9.861099025377739e-001, 7.720625633492317e-002, 4.203981670005059e-001, 1.019825537989435e+000,-3.059451352419284e-001, 8.142306803921076e-003
 7.383333333333334e+000, 9.861792027349318e-001, 7.597908455037672e-002, 4.249803495184371e-001, 1.004729801103016e+000,-2.925473325317171e-001, 4.884801563890965e-003
 7.391666666666668e+000, 9.857340857099458e-001, 7.476530700169226e-002, 4.290159998653241e-001, 9.898872294804338e-001,-2.786514594530162e-001, 2.183863324437467e-003
 7.400000000000000e+000, 9.847666218963666e-001, 7.355233249480775e-002, 4.324696304957941e-001, 9.752809908236876e-001,-2.644467018033997e-001,-5.076155744499815e-005
 7.408333333333334e+000, 9.832730452175805e-001, 7.233002661078092e-002, 4.353093267470286e-001, 9.608972283277437e-001,-2.501089397328125e-001,-1.935501339201954e-003
 7.416666666666667e+000, 9.812553991097893e-001, 7.109089869649576e-002, 4.375086960439246e-001, 9.467278088617188e-001,-2.357896186212899e-001,-3.594455466488651e-003
 7.425000000000001e+000, 9.787229601012194e-001, 6.983008826460346e-002, 4.390491447714932e-001, 9.327725309018614e-001,-2.216116290042149e-001,-5.141533491150835e-003
 7.433333333333334e+000, 9.756922577093870e-001, 6.854551344602311e-002, 4.399236629014920e-001, 9.190398166419974e-001,-2.076717942628463e-001,-6.663750459381106e-003
 7.441666666666667e+000, 9.721854994731914e-001, 6.723908819268321e-002, 4.401416462379603e-001, 9.055464388766025e-001,-1.940482281708757e-001,-8.207758884211066e-003
 7.450000000000000e+000, 9.682318597858540e-001, 6.591503326061554e-002, 4.397306130971604e-001, 8.923162277883547e-001,-1.808079935885425e-001,-9.771939817915803e-003
 7.458333333333334e+000, 9.638637750055065e-001, 6.458278246453397e-002, 4.387381545561673e-001, 8.793807009147062e-001,-1.680150902583907e-001,-1.130604154496589e-002
 7.466666666666667e+000, 9.591186203439320e-001, 6.325473509511848e-002, 4.372293628333745e-001, 8.667781137668182e-001,-1.557318299000497e-001,-1.271552971143009e-002
 7.475000000000001e+000, 9.540381604223297e-001, 6.194672132250645e-002, 4.352844859702051e-001, 8.545528215383935e-001,-1.440161376938951e-001,-1.387092107516564e-002
 7.483333333333334e+000, 9.486694269140191e-001, 6.067698966837387e-002, 4.329945821640880e-001, 8.427537156710626e-001,-1.329142123556010e-001,-1.462136757004921e-002
 7.491666666666667e+000, 9.430650047296149e-001, 5.946652001618724e-002, 4.304569873225183e-001, 8.314335534398499e-001,-1.224524176892710e-001,-1.481157954865528e-002
 7.500000000000000e+000, 9.372856170936641e-001, 5.833727996725258e-002, 4.277701522835502e-001, 8.206487072876997e-001,-1.126303439734179e-001,-1.429862822784050e-002
 7.508333333333334e+000, 9.314005215279824e-001, 5.731462961425815e-002, 4.250326844364523e-001, 8.104603998985397e-001,-1.034202696681581e-001,-1.296718445272354e-002
 7.516666666666668e+000, 9.254911117736180e-001, 5.642238744355699e-002, 4.223384459284343e-001, 8.009349601363908e-001,-9.477012020980505e-002,-1.074160855820598e-002
 7.525000000000000e+000, 9.196505235915037e-001, 5.568312202331138e-002, 4.197727665920333e-001, 7.921465294034925e-001,-8.661381226506407e-002,-7.593099415555644e-003
 7.533333333333334e+000, 9.139844701305087e-001, 5.511445555067818e-002, 4.174044467293394e-001, 7.841798215455799e-001,-7.888281996353877e-002,-3.538447125776917e-003
 7.541666666666668e+000, 9.086113873694578e-001, 5.472673205990741e-002, 4.152791998928815e-001, 7.771329203309119e-001,-7.151782232812987e-002, 1.365955275343849e-003
 7.550000000000001e+000, 9.036621645681128e-001, 5.452273456535273e-002, 4.134173081540994e-001, 7.711188706409839e-001,-6.447889077426040e-002, 7.030609828539672e-003
 7.558333333333334e+000, 8.992761823499517e-001, 5.449493707521480e-002, 4.118125870486017e-001, 7.662647760875549e-001,-5.775391217620395e-002, 1.334016563775636e-002
 7.566666666666667e+000, 8.955967397556498e-001, 5.462870372354578e-002, 4.104365321516146e-001, 7.627081570903903e-001,-5.136731593522101e-002, 2.016125095283154e-002
 7.575000000000001e+000, 8.927600912821792e-001, 5.490129470941629e-002, 4.092408915315837e-001, 7.605889308162888e-001,-4.538833704990820e-002, 2.734668423250532e-002
 7.583333333333334e+000, 8.908828756164203e-001, 5.528482185795691e-002, 4.081633868438026e-001, 7.600368831916278e-001,-3.993827023828098e-002, 3.473505558322652e-002
 7.591666666666668e+000, 8.900475509889435e-001, 5.574831647187573e-002, 4.071334854463833e-001, 7.611546294781308e-001,-3.518942258195817e-002, 4.215134694966696e-002
 7.600000000000001e+000, 8.902875566544126e-001, 5.625874520199092e-002, 4.060791409791050e-001, 7.639972807690699e-001,-3.134598772615968e-002, 4.941575001774433e-002
 7.608333333333334e+000, 8.915742328860000e-001, 5.678089997942082e-002, 4.049354659869434e-001, 7.685505134031937e-001,-2.860384100730404e-002, 5.636226504022514e-002
 7.616666666666667e+000, 8.938084870106429e-001, 5.727708380151686e-002, 4.036539095381089e-001, 7.747118567436022e-001,-2.710079977869856e-002, 6.286248632609924e-002
 7.625000000000001e+000, 8.968219228364676e-001, 5.770801230270584e-002, 4.022087914566597e-001, 7.822841539985427e-001,-2.688039986079186e-002, 6.884615503499555e-002
 7.633333333333334e+000, 9.003894353091885e-001, 5.803521070594742e-002, 4.005989930270493e-001, 7.909886789584277e-001,-2.789119330218686e-002, 7.430864937573534e-002
 7.641666666666668e+000, 9.042578472448141e-001, 5.822499974517670e-002, 3.988451399565233e-001, 8.004955369504134e-001,-3.002232664156697e-002, 7.930197773997361e-002
 7.650000000000000e+000, 9.081665095098043e-001, 5.825254294017834e-002, 3.969830145335484e-001, 8.104642552437980e-001,-3.315765042978906e-002, 8.391366947236022e-002
 7.658333333333334e+000, 9.118775166458168e-001, 5.810576337241935e-002, 3.950563910900630e-001, 8.205796945673857e-001,-3.721199081600070e-002, 8.824653653577952e-002
 7.666666666666667e+000, 9.151943616489824e-001, 5.778553776025164e-002, 3.931081798100012e-001, 8.305780861533956e-001,-4.213644677149954e-002, 9.240425621051809e-002
 7.675000000000001e+000, 9.179745857688921e-001, 5.730290258960902e-002, 3.911709991161196e-001, 8.402594237797773e-001,-4.789528868609387e-002, 9.648374781684817e-002
 7.683333333333334e+000, 9.201337538504254e-001, 5.667503314947964e-002, 3.892606137339576e-001, 8.494879518414524e-001,-5.443513877299559e-002, 1.005707917464965e-001
 7.691666666666667e+000, 9.216406375415649e-001, 5.592130383880334e-002, 3.873755053392493e-001, 8.581846950191027e-001,-6.166799561400498e-002, 1.047349353283401e-001
 7.700000000000001e+000, 9.225055277100305e-001, 5.505980267051247e-002, 3.855019943493388e-001, 8.663153774091397e-001,-6.947576951929779e-002, 1.090219247218753e-001
 7.708333333333334e+000, 9.227651073637493e-001, 5.410511239667604e-002, 3.836221372616905e-001, 8.738757780946366e-001,-7.772707051511940e-002, 1.134464135959794e-001
 7.716666666666667e+000, 9.224680000394097e-001, 5.306791904785801e-002, 3.817219143372035e-001, 8.808765814836645e-001,-8.629250817182797e-002, 1.179900948820909e-001
 7.725000000000001e+000, 9.216641320965325e-001, 5.195540299013679e-002, 3.797975397956851e-001, 8.873301741804717e-001,-9.505278923910017e-002, 1.226069661744948e-001
 7.733333333333334e+000, 9.203993929768731e-001, 5.077160436602246e-002, 3.778582392663217e-001, 8.932420260873235e-001,-1.039016564500901e-001, 1.272323779311392e-001
 7.741666666666667e+000, 9.187152323151248e-001, 4.951836636078277e-002, 3.759253011752266e-001, 8.986081209536549e-001,-1.127464958162577e-001, 1.317914658484578e-001
 7.750000000000001e+000, 9.166503729007457e-001, 4.819666478982443e-002, 3.740284248528368e-001, 9.034168805015607e-001,-1.215070902403282e-001, 1.362050225529032e-001
 7.758333333333335e+000, 9.142415360079282e-001, 4.680765534036024e-002, 3.722010827975106e-001, 9.076526090004472e-001,-1.301136688255618e-001, 1.403920827432395e-001
 7.766666666666668e+000, 9.115224985187330e-001, 4.535440817246905e-002, 3.704769621917067e-001, 9.112988653048744e-001,-1.385074701878853e-001, 1.442674910097097e-001
 7.775000000000000e+000, 9.085220695942388e-001, 4.384468354903182e-002, 3.688885120989388e-001, 9.143411172698636e-001,-1.466444778128118e-001, 1.477352870859502e-001
 7.783333333333334e+000, 9.052614973322631e-001, 4.229279994053092e-002, 3.674669950660636e-001, 9.167681101292067e-001,-1.544984612439916e-001, 1.506856881024811e-001
 7.791666666666668e+000, 9.017538182625685e-001, 4.071908117517697e-002, 3.662430229402651e-001, 9.185718110487066e-001,-1.620592740228331e-001, 1.530040493019961e-001
 7.800000000000001e+000, 8.979974692556058e-001, 3.914825759326424e-002, 3.652469214301715e-001, 9.197480111216334e-001,-1.693291839724353e-001, 1.545881419544335e-001
 7.808333333333335e+000, 8.939859182709689e-001, 3.760460861927562e-002, 3.645070807802889e-001, 9.202935005680960e-001,-1.763142688561019e-001, 1.553662477736887e-001
 7.816666666666667e+000, 8.897046151567569e-001, 3.610845313669064e-002, 3.640466993119269e-001, 9.202057298074475e-001,-1.830204643797246e-001, 1.553058953992707e-001
 7.825000000000001e+000, 8.851355894580119e-001, 3.467318538462760e-002, 3.638794801710026e-001, 9.194821313179341e-001,-1.894490609581241e-001, 1.544167444963833e-001
 7.833333333333334e+000, 8.802606763676466e-001, 3.330411826290924e-002, 3.640061222746945e-001, 9.181209009889044e-001,-1.955940916093051e-001, 1.527480884019840e-001
 7.841666666666668e+000, 8.750642166113131e-001, 3.199829746351224e-002, 3.644125301181650e-001, 9.161223435460865e-001,-2.014415709157246e-001, 1.503819260685163e-001
 7.850000000000001e+000, 8.695351535773881e-001, 3.074545710697829e-002, 3.650699152617951e-001, 9.134905875937988e-001,-2.069702630193296e-001, 1.474241047403013e-001
 7.858333333333334e+000, 8.636685918103960e-001, 2.953013887980927e-002, 3.659365646871817e-001, 9.102355304903596e-001,-2.121530720108736e-001, 1.439970275267112e-001
 7.866666666666667e+000, 8.574666775283943e-001, 2.833403502611565e-002, 3.669608011164607e-001, 9.063741743351904e-001,-2.169588039139058e-001, 1.402347428781079e-001
 7.875000000000001e+000, 8.509384621498638e-001, 2.713792748594424e-002, 3.680843827098800e-001, 9.019307449707957e-001,-2.213547205543380e-001, 1.362784932433779e-001
 7.883333333333335e+000, 8.440988990123040e-001, 2.592334510667715e-002, 3.692457706476169e-001, 8.969355501343602e-001,-2.253094541186722e-001, 1.322709270570297e-001
 7.891666666666668e+000, 8.369677260481214e-001, 2.467428253606752e-002, 3.703831655423245e-001, 8.914227520082551e-001,-2.287959642632902e-001, 1.283474921637556e-001
 7.900000000000000e+000, 8.295686653956420e-001, 2.337900383815650e-002, 3.714374802743442e-001, 8.854281701552519e-001,-2.317955917392900e-001, 1.246247852077796e-001
 7.908333333333334e+000, 8.219288935728073e-001, 2.203129255890035e-002, 3.723554411152569e-001, 8.789886091375152e-001,-2.343022047792492e-001, 1.211909852751117e-001
 7.916666666666668e+000, 8.140786846271199e-001, 2.063083842940405e-002, 3.730927206410185e-001, 8.721428600379950e-001,-2.363229365899900e-001, 1.181047029954093e-001
 7.925000000000001e+000, 8.060508992576675e-001, 1.918323250887855e-002, 3.736166715372468e-001, 8.649331990913702e-001,-2.378754880560599e-001, 1.154003830598294e-001
 7.933333333333334e+000, 7.978798971965773e-001, 1.769938081550548e-002, 3.739083948084316e-001, 8.574059815106296e-001,-2.389859405791738e-001, 1.130930309272195e-001
 7.941666666666667e+000, 7.895999138352977e-001, 1.619357220212514e-002, 3.739642373757015e-001, 8.496107841923395e-001,-2.396892317035377e-001, 1.111790014078598e-001
 7.950000000000001e+000, 7.812433133278143e-001, 1.468069539944517e-002, 3.737966843071735e-001, 8.415987869442367e-001,-2.400314121123768e-001, 1.096341238865961e-001
 7.958333333333334e+000, 7.728392712964013e-001, 1.317396782249314e-002, 3.734342797494195e-001, 8.334212434315799e-001,-2.400717710155549e-001, 1.084117897041504e-001
 7.966666666666668e+000, 7.644132895315607e-001, 1.168392290286491e-002, 3.729195272845760e-001, 8.251282776897255e-001,-2.398815448174249e-001, 1.074458934625674e-001
 7.975000000000001e+000, 7.559870358412157e-001, 1.021908563281859e-002, 3.723031119430770e-001, 8.167682545856915e-001,-2.395362606229147e-001, 1.066634015498343e-001
 7.983333333333334e+000, 7.475777428380054e-001, 8.787878951754369e-003, 3.716353287126956e-001, 8.083880055551338e-001,-2.391045034183240e-001, 1.060021012801203e-001
 7.991666666666667e+000, 7.391976521651602e-001, 7.399778896287845e-003, 3.709592425228733e-001, 8.000332689113874e-001,-2.386404779652997e-001, 1.054208811184371e-001
 8.000000000000000e+000, 7.308545206460765e-001, 6.064718404876990e-003, 3.703085140506707e-001, 7.917482398642791e-001,-2.381836596089205e-001, 1.048967297423847e-001
 8.008333333333335e+000, 7.225529716473540e-001, 4.791655127922789e-003, 3.697082402148875e-001, 7.835740578791344e-001,-2.377622385755067e-001, 1.044150623599093e-001
 8.016666666666668e+000, 7.142953119840921e-001, 3.587063506867549e-003, 3.691759475882649e-001, 7.755468874812530e-001,-2.373960883907673e-001, 1.039621884876042e-001
