Main.Studies.MarkerTracking.t,Main.Studies.MarkerTracking.JointAngleOutputs.OutputFile1.PelvisPosX,Main.Studies.MarkerTracking.JointAngleOutputs.OutputFile1.PelvisPosY,Main.Studies.MarkerTracking.JointAngleOutputs.OutputFile1.PelvisPosZ,Main.Studies.MarkerTracking.JointAngleOutputs.OutputFile1.PelvisRotX,Main.Studies.MarkerTracking.JointAngleOutputs.OutputFile1.PelvisRotY,Main.Studies.MarkerTracking.JointAngleOutputs.OutputFile1.PelvisRotZ,Main.Studies.MarkerTracking.JointAngleOutputs.OutputFile1.PelvisThoraxExtension,Main.Studies.MarkerTracking.JointAngleOutputs.OutputFile1.PelvisThoraxLateralBending,Main.Studies.MarkerTracking.JointAngleOutputs.OutputFile1.PelvisThoraxRotation,Main.Studies.MarkerTracking.JointAngleOutputs.OutputFile1.SkullThoraxFlexion,Main.Studies.MarkerTracking.JointAngleOutputs.OutputFile1.SkullThoraxLateralBending,Main.Studies.MarkerTracking.JointAngleOutputs.OutputFile1.SkullThoraxRotation
 5.958333333333333e+000, 2.366643597128191e-001, 1.822790270335857e-001, 1.469832961430680e+000,-1.669450950738543e+000,-2.956622664468871e+000,-2.717577168708951e-002,-5.501331293445964e-001, 4.816978902604224e-002,-5.314713542671137e-002,-1.704572594185549e-011,-1.167510532695815e-012,-4.103106743258422e-013
 5.966666666666667e+000, 2.353191048435661e-001, 1.824599080872789e-001, 1.469871353584590e+000,-1.670523600659319e+000,-2.955134911861393e+000,-2.578130552029290e-002,-5.508874605796851e-001, 4.915026872288997e-002,-5.342346955674072e-002,-5.454711959895775e-010,-3.726574604456800e-011,-1.308317343351462e-011
 5.975000000000000e+000, 2.339120157155154e-001, 1.826408305692431e-001, 1.469903299330079e+000,-1.671550230604544e+000,-2.953684474867615e+000,-2.431558300520953e-002,-5.516041910857629e-001, 5.012261548597386e-002,-5.365513204230438e-002,-1.745534511377045e-008,-1.189012666102940e-009,-4.171566980737395e-010
 5.983333333333333e+000, 2.324435067094356e-001, 1.828195046103082e-001, 1.469926586450877e+000,-1.672516144491556e+000,-2.952280045645802e+000,-2.278564791882820e-002,-5.522811085726117e-001, 5.107517714876851e-002,-5.385433276902006e-002,-5.585806727992360e-007,-3.792004388269987e-008,-1.330099827501208e-008
 5.991666666666666e+000, 2.309134306192026e-001, 1.829943716267758e-001, 1.469939550748209e+000,-1.673412213982949e+000,-2.950926576285546e+000,-2.120083094219893e-002,-5.529201784233245e-001, 5.200343559078721e-002,-5.402915863683100e-002, 4.460321001431565e-014,-6.222355963814151e-012, 1.117103631820271e-011
 6.000000000000000e+000, 2.293212127618847e-001, 1.831647901997974e-001, 1.469940835587759e+000,-1.674233250844694e+000,-2.949628156624458e+000,-1.957468180460920e-002,-5.535234016324913e-001, 5.290705582050013e-002,-5.418198726777477e-002, 1.391886605972559e-012,-1.990494435943901e-010, 3.575115203879875e-010
 6.008333333333333e+000, 2.276659033980574e-001, 1.833312206176790e-001, 1.469929180353539e+000,-1.674976918471634e+000,-2.948389769667534e+000,-1.792636373240031e-002,-5.540896302038320e-001, 5.378741468797548e-002,-5.430871242656624e-002, 4.325964586548992e-011,-6.367361082837419e-009, 1.144160033383912e-008
 6.016666666666667e+000, 2.259461898040017e-001, 1.834953278290757e-001, 1.469903274113763e+000,-1.675643390583348e+000,-2.947218016010202e+000,-1.628109789854504e-002,-5.546125879064534e-001, 5.464637439670743e-002,-5.439887298013775e-002, 1.336838723053901e-009,-2.036871233901394e-007, 3.661691715395321e-007
 6.025000000000000e+000, 2.241604827052081e-001, 1.836598065290244e-001, 1.469861749463792e+000,-1.676235046530802e+000,-2.946120569855820e+000,-1.466874874186708e-002,-5.550812042368816e-001, 5.548590686493230e-002,-5.443735911294947e-002,-2.227162898549295e-012, 1.255284765022679e-011, 6.988187806200582e-012
 6.033333333333333e+000, 2.223071398841001e-001, 1.838277461033915e-001, 1.469803358011728e+000,-1.676755499893946e+000,-2.945104520942845e+000,-1.311941193697574e-002,-5.554826937608137e-001, 5.630808884830406e-002,-5.440873159924323e-002,-7.112466171577124e-011, 4.017612909024136e-010, 2.235547302831264e-010
 6.041666666666666e+000, 2.203847565701296e-001, 1.840017862722057e-001, 1.469727208914990e+000,-1.677208129047172e+000,-2.944174732354962e+000,-1.165751670373449e-002,-5.558065635676468e-001, 5.711521290838344e-002,-5.430273717768450e-002,-2.271293292332999e-009, 1.285837658571154e-008, 7.151598396815118e-009
 6.050000000000000e+000, 2.183923345813391e-001, 1.841836151414399e-001, 1.469632886431084e+000,-1.677594993137172e+000,-2.943333353836508e+000,-1.029812873780234e-002,-5.560468609510325e-001, 5.790991147404270e-002,-5.411776077386451e-002,-7.253252778949282e-008, 4.115318595898643e-007, 2.287829907743344e-007
 6.058333333333333e+000, 2.163292504006572e-001, 1.843739781130171e-001, 1.469520400135036e+000,-1.677916311696940e+000,-2.942580287531802e+000,-9.046777115374827e-003,-5.562022123007878e-001, 5.869462052589443e-002,-5.386130906739639e-002,-2.845390589811814e-012, 8.016809438515793e-012,-1.532599047671113e-011
 6.066666666666666e+000, 2.141951385827851e-001, 1.845729093290585e-001, 1.469390030194385e+000,-1.678170040081683e+000,-2.941913949515617e+000,-7.900990128331564e-003,-5.562747709357575e-001, 5.946996205108104e-002,-5.354887776263328e-002,-9.095002528880514e-011, 2.564889411971194e-010,-4.904754102863507e-010
 6.075000000000000e+000, 2.119897900745724e-001, 1.847799295010611e-001, 1.469242151837796e+000,-1.678351564856921e+000,-2.941332164508911e+000,-6.851789979917644e-003,-5.562687246756516e-001, 6.023312153706804e-002,-5.320202105122442e-002,-2.906838658667255e-009, 8.206245682984559e-009,-1.569659333067186e-008
 6.083333333333333e+000, 2.097130504080689e-001, 1.849941760078455e-001, 1.469077121883454e+000,-1.678453830277182e+000,-2.940832912137672e+000,-5.884892012514964e-003,-5.561889264183725e-001, 6.097757088333586e-002,-5.284577344410588e-002,-9.289790856015223e-008, 2.625566091207787e-007,-5.023355167943500e-007
 6.091666666666667e+000, 2.073646929997892e-001, 1.852145109383702e-001, 1.468895231323565e+000,-1.678467816449356e+000,-2.940414465495744e+000,-4.982017224190560e-003,-5.560402352112911e-001, 6.169402381813722e-002,-5.250582122520799e-002,-1.434408147815702e-013,-1.020922235639432e-010,-5.364170219124276e-011
 6.100000000000000e+000, 2.049443010616835e-001, 1.854396149254835e-001, 1.468696649296219e+000,-1.678383084765390e+000,-2.940075054160973e+000,-4.122412427560285e-003,-5.558273178591907e-001, 6.237146776442607e-002,-5.220610261009420e-002,-5.507538869409244e-012,-3.267185411104378e-009,-1.716079917057911e-009
 6.108333333333333e+000, 2.024511964290230e-001, 1.856680641072468e-001, 1.468481327769746e+000,-1.678188283053813e+000,-2.939812577938557e+000,-3.284330625972665e-003,-5.555543246519484e-001, 6.299774536848636e-002,-5.196703719844274e-002,-2.039526048047690e-010,-1.045571537128253e-007,-5.490054963419587e-008
 6.116666666666666e+000, 1.998843935611861e-001, 1.858984167212651e-001, 1.468248961623895e+000,-1.677871647576901e+000,-2.939623829596362e+000,-2.446445527535257e-003,-5.552253760112256e-001, 6.356013212956632e-002,-5.180387424046819e-002, 7.827072323607354e-014,-1.483257960899209e-013, 2.804700915959302e-013
 6.125000000000000e+000, 1.972426375264396e-001, 1.861293279978252e-001, 1.467998855822162e+000,-1.677422803300692e+000,-2.939507300527223e+000,-1.588917784103305e-003,-5.548410537444429e-001, 6.404800919098054e-002,-5.172591332077652e-002, 2.476990834665571e-012,-4.760303262685284e-012, 8.928746630942896e-012
 6.133333333333333e+000, 1.945244705234833e-001, 1.863596445673189e-001, 1.467730413955262e+000,-1.676833135820477e+000,-2.939456415185317e+000,-6.950979996815931e-004,-5.544075959228750e-001, 6.445279885206966e-002,-5.173508140660927e-002, 7.917330679951816e-011,-1.523180470641705e-010, 2.857485914553592e-010
 6.141666666666667e+000, 1.917285385268009e-001, 1.865885243637282e-001, 1.467443035785645e+000,-1.676098777294033e+000,-2.939465171899330e+000, 2.476809328468832e-004,-5.539308776855190e-001, 6.477174912576485e-002,-5.182668970977033e-002, 2.530515158527535e-009,-4.873963899143519e-009, 9.144901808033623e-009
 6.150000000000000e+000, 1.888537607297584e-001, 1.868155511441690e-001, 1.467136455644134e+000,-1.675221216801537e+000,-2.939524800520933e+000, 1.246730455704448e-003,-5.534213790010157e-001, 6.500833190419054e-002,-5.198892952371615e-002, 8.087496525255311e-008,-1.559620936841810e-007, 2.926671447966989e-007
 6.158333333333333e+000, 1.858994506658042e-001, 1.870408092051907e-001, 1.466810805649984e+000,-1.674208378411937e+000,-2.939624500220308e+000, 2.303692673408353e-003,-5.528936642141342e-001, 6.517403499058282e-002,-5.220379277625794e-002,-5.367928324062632e-012, 1.202959953872096e-011, 7.892519970909007e-012
 6.166666666666666e+000, 1.828654127106366e-001, 1.872648488914790e-001, 1.466466655806475e+000,-1.673074693189607e+000,-2.939751958854926e+000, 3.415275700608955e-003,-5.523661237645882e-001, 6.528914443398041e-002,-5.244916879651838e-002,-1.716824182818043e-010, 3.850388896609046e-010, 2.524919162638638e-010
 6.175000000000000e+000, 1.797518549587609e-001, 1.874885156356834e-001, 1.466104801287797e+000,-1.671838005345318e+000,-2.939895747981783e+000, 4.575473845850109e-003,-5.518574339631646e-001, 6.537891570550879e-002,-5.270286103580239e-002,-5.490726040502381e-009, 1.232400859141336e-008, 8.077600532896412e-009
 6.183333333333334e+000, 1.765589933055222e-001, 1.877126321944388e-001, 1.465725705798884e+000,-1.670513120051311e+000,-2.940049992328099e+000, 5.779358842718185e-003,-5.513785583711293e-001, 6.546450092918463e-002,-5.294855761580566e-002,-1.755979308071254e-007, 3.944578561565493e-007, 2.584169755404098e-007
 6.191666666666666e+000, 1.732867410127355e-001, 1.879376807675069e-001, 1.465329046008213e+000,-1.669106729199353e+000,-2.940217968217802e+000, 7.026345792026767e-003,-5.509264845265636e-001, 6.555558307133527e-002,-5.318066003154879e-002,-3.254241320860273e-011, 5.063838237617800e-011,-9.841230608209625e-011
 6.200000000000000e+000, 1.699348830172809e-001, 1.881637055598386e-001, 1.464913773049583e+000,-1.667617287933928e+000,-2.940411756969001e+000, 8.320447130306885e-003,-5.504853182453214e-001, 6.564989289253746e-002,-5.340491773265204e-002,-1.039851038608930e-009, 1.620747425157276e-009,-3.149522032064311e-009
 6.208333333333333e+000, 1.665036460775065e-001, 1.883904425961626e-001, 1.464478605878503e+000,-1.666038510659269e+000,-2.940648762001862e+000, 9.667659623895819e-003,-5.500332290445177e-001, 6.573790226411620e-002,-5.363524250559924e-002,-3.322460870314181e-008, 5.187581797461149e-008,-1.007950831133364e-007
 6.216666666666667e+000, 1.629943880860116e-001, 1.886175311192687e-001, 1.464022726696175e+000,-1.664363994383722e+000,-2.940946269843553e+000, 1.107211423712995e-002,-5.495522929041927e-001, 6.580960650526278e-002,-5.388834294616267e-002, 1.037503416512209e-013,-3.327338404801594e-013,-2.063349491265853e-013
 6.225000000000000e+000, 1.594102481670806e-001, 1.888447430701404e-001, 1.463546171548699e+000,-1.662592794813447e+000,-2.941320596816322e+000, 1.253254810424664e-002,-5.490319304797103e-001, 6.586319775433387e-002,-5.417818782199164e-002, 3.301303674874134e-012,-1.068922728109101e-011,-6.678380071178935e-012
 6.233333333333333e+000, 1.557563046043590e-001, 1.890720939048722e-001, 1.463050472156867e+000,-1.660730793473475e+000,-2.941776858182038e+000, 1.404020183690458e-002,-5.484825812568445e-001, 6.590694604111595e-002,-5.451120574576806e-002, 1.055234510882741e-010,-3.421086747223967e-010,-2.136743282310504e-010
 6.241666666666666e+000, 1.520391567439027e-001, 1.892999093240251e-001, 1.462538088208341e+000,-1.658792478064999e+000,-2.942316255808274e+000, 1.558095310782237e-002,-5.479245991305457e-001, 6.596098763972755e-002,-5.488756722164651e-002, 3.373050755373085e-009,-1.094914858779106e-008,-6.836691962552875e-009
 6.250000000000000e+000, 1.482657281996765e-001, 1.895287312995253e-001, 1.462012153822989e+000,-1.656797990181458e+000,-2.942934262719495e+000, 1.714026928833246e-002,-5.473862582575763e-001, 6.605127718174217e-002,-5.530572473767508e-002, 1.078223846595616e-007,-3.504205751125867e-007,-2.187527861352568e-007
 6.258333333333333e+000, 1.444420966314459e-001, 1.897592314039533e-001, 1.461476083167413e+000,-1.654771354732748e+000,-2.943622953878359e+000, 1.870808670134849e-002,-5.468964722714989e-001, 6.620578850115527e-002,-5.576735929282829e-002, 5.852651696613974e-012,-9.693579272607165e-012, 1.841116148426636e-011
 6.266666666666667e+000, 1.405727987713666e-001, 1.899921665847653e-001, 1.460933400794026e+000,-1.652739206057032e+000,-2.944371732511194e+000, 2.028093849417401e-002,-5.464811366987673e-001, 6.645225458274205e-002,-5.627928718826203e-002, 1.868986632125313e-010,-3.103618473332403e-010, 5.891929444334919e-010
 6.275000000000000e+000, 1.366605747862298e-001, 1.902283872478186e-001, 1.460387663196788e+000,-1.650729370525793e+000,-2.945167988744835e+000, 2.186181304694568e-002,-5.461610387281954e-001, 6.681612421711440e-002,-5.685289548157024e-002, 5.967929733730060e-009,-9.937433320672540e-009, 1.885510658716783e-008
 6.283333333333333e+000, 1.327063305076252e-001, 1.904688948941598e-001, 1.459842425191483e+000,-1.648769341278680e+000,-2.945998082910216e+000, 2.345902461887794e-002,-5.459503506172979e-001, 6.731854995091254e-002,-5.750222247278060e-002, 1.905524846246287e-007,-3.182045711369596e-007, 6.033860234788689e-007
 6.291666666666667e+000, 1.287092252020021e-001, 1.907149328271884e-001, 1.459301250905142e+000,-1.646885090445115e+000,-2.946848552669018e+000, 2.508483846029863e-002,-5.458556092141388e-001, 6.797513544139115e-002,-5.824157019892205e-002,-6.819905751243027e-012, 1.479487643507582e-010, 8.157749475934395e-011
 6.300000000000000e+000, 1.246669036443918e-001, 1.909680970063532e-001, 1.458767758343359e+000,-1.645100307372370e+000,-2.947707398441821e+000, 2.675407816446240e-002,-5.458752910199430e-001, 6.879533866103946e-002,-5.908337321603410e-002,-2.172281798884512e-010, 4.733801350909062e-009, 2.611545368846890e-009
 6.308333333333334e+000, 1.205758763727674e-001, 1.912304757870900e-001, 1.458245677037314e+000,-1.643436201988034e+000,-2.948565432224494e+000, 2.848260546290948e-002,-5.459999582549179e-001, 6.978227250022388e-002,-6.003622259153780e-002,-6.923201845143721e-009, 1.514615395326046e-007, 8.360744227497995e-008
 6.316666666666666e+000, 1.164319934877415e-001, 1.915047754177851e-001, 1.457738885710734e+000,-1.641911949769779e+000,-2.949417654092380e+000, 3.028557188052927e-002,-5.462128144272331e-001, 7.093326846770363e-002,-6.110288866528799e-002,-4.893307981035375e-013, 6.707967514785193e-013,-1.255273662792433e-012
 6.325000000000000e+000, 1.122310826355449e-001, 1.917942717929439e-001, 1.457251354107710e+000,-1.640544888744909e+000,-2.950264292041432e+000, 3.217495132557291e-002,-5.464910088569837e-001, 7.224114641401533e-002,-6.227835067172585e-002,-1.561689666473853e-011, 2.144862065733832e-011,-4.021177835156209e-011
 6.333333333333333e+000, 1.079699485220024e-001, 1.921024225545352e-001, 1.456786923479017e+000,-1.639349307518101e+000,-2.951111076934832e+000, 3.415562319959520e-002,-5.468083857119557e-001, 7.369559420951009e-002,-6.354733144485995e-002,-4.988229274083266e-010, 6.869651514307406e-010,-1.286805634270749e-009
 6.341666666666667e+000, 1.036475306862962e-001, 1.924322663167352e-001, 1.456349060062913e+000,-1.638334586133736e+000,-2.951968610226357e+000, 3.622120580249399e-002,-5.471393438875883e-001, 7.528472820575752e-002,-6.488201768497236e-002,-1.593365930863122e-008, 2.200240245553431e-008,-4.117835852857076e-008
 6.350000000000000e+000, 9.926555456598946e-002, 1.927859931156771e-001, 1.455940844454266e+000,-1.637504683758890e+000,-2.952850957336759e+000, 3.835265846681146e-002,-5.474621165086769e-001, 7.699677572979605e-002,-6.624272464590106e-002,-5.089847271433358e-007, 7.047014323191548e-007,-1.317715464049796e-006
 6.358333333333333e+000, 9.482836926835282e-002, 1.931648515465883e-001, 1.455565234995049e+000,-1.636859181013716e+000,-2.953773888860581e+000, 4.052070154733656e-002,-5.477602134258617e-001, 7.882090505732045e-002,-6.758278952458252e-002, 5.306498823687278e-009,-2.431607359909549e-009,-3.390391301039131e-009
 6.366666666666666e+000, 9.034231041215705e-002, 1.935692645542606e-001, 1.455225432224178e+000,-1.636394634380744e+000,-2.954753211949003e+000, 4.269013060798121e-002,-5.480225137886675e-001, 8.074683984537236e-002,-6.885541582221973e-002, 1.698246814008098e-007,-7.783999489419104e-008,-1.084451134170106e-007
 6.375000000000000e+000, 8.581499804748850e-002, 1.939990561000235e-001, 1.454925228496744e+000,-1.636105545463924e+000,-2.955803410066257e+000, 4.482370577144534e-002,-5.482429733582277e-001, 8.276351962218889e-002,-7.001949614146889e-002, 3.838596107641479e-013,-6.079581282847357e-013, 1.036531971365662e-012
 6.383333333333333e+000, 8.125470412283456e-002, 1.944537709188866e-001, 1.454669288793260e+000,-1.635984767688310e+000,-2.956936775903223e+000, 4.688437764068976e-002,-5.484198964601654e-001, 8.485693108860518e-002,-7.104297135427258e-002, 1.229069623853718e-011,-1.952105144198412e-011, 3.309408302953897e-011
 6.391666666666667e+000, 7.666980784529016e-002, 1.949330064737860e-001, 1.454463304313916e+000,-1.636023576207897e+000,-2.958163138536711e+000, 4.883604332950853e-002,-5.485545844650648e-001, 8.700830164168255e-002,-7.190384656136958e-002, 3.926837743861710e-010,-6.251991147010471e-010, 1.058926335506527e-009
 6.400000000000000e+000, 7.206840400374177e-002, 1.954366308840283e-001, 1.454314017303226e+000,-1.636211905062563e+000,-2.959489998017884e+000, 5.064398412472571e-002,-5.486500701144854e-001, 8.919420956352127e-002,-7.258987692610527e-002, 1.254715811804807e-008,-2.002358501229651e-008, 3.388234398604695e-008
 6.408333333333333e+000, 6.745807303110527e-002, 1.959648483746243e-001, 1.454229169511458e+000,-1.636538770967472e+000,-2.960922817695055e+000, 5.227548630816070e-002,-5.487104076184196e-001, 9.138833255775947e-002,-7.309735635181114e-002, 4.009497966139807e-007,-6.413159647777887e-007, 1.084108222249025e-006
 6.416666666666667e+000, 6.284572258800004e-002, 1.965181696194723e-001, 1.454217381556757e+000,-1.636992568866244e+000,-2.962465433456370e+000, 5.370017742630751e-002,-5.487400602598456e-001, 9.356355743195524e-002,-7.342908114382957e-002,-3.319987895711307e-009, 1.846655717230306e-009, 2.345415167637199e-009
 6.425000000000000e+000, 5.823747927232369e-002, 1.970973478665766e-001, 1.454287941587609e+000,-1.637561212933739e+000,-2.964120540717081e+000, 5.488979145326356e-002,-5.487432245667576e-001, 9.569394422584857e-002,-7.359206815724280e-002,-1.062418599206971e-007, 5.909112377189273e-008, 7.505125995677096e-008
 6.433333333333334e+000, 5.363868469515626e-002, 1.977033072670785e-001, 1.454450518516854e+000,-1.638232320778428e+000,-2.965890121552081e+000, 5.581774845971266e-002,-5.487234073732279e-001, 9.775657201078128e-002,-7.359540260178318e-002,-9.980904991380157e-014, 3.130828929442941e-013,-3.881062138333391e-013
 6.441666666666666e+000, 4.905397608460536e-002, 1.983370533773231e-001, 1.454714810809862e+000,-1.638993508157550e+000,-2.967775723155295e+000, 5.645922035396422e-002,-5.486833207068852e-001, 9.973313844074984e-002,-7.344847411725447e-002,-3.180788965551074e-012, 1.002586902387748e-011,-1.242134173295995e-011
 6.450000000000000e+000, 4.448735633308341e-002, 1.989995421833946e-001, 1.455090164450180e+000,-1.639832650007967e+000,-2.969778470969154e+000, 5.679210970360771e-002,-5.486251457317891e-001, 1.016109822057251e-001,-7.316028956215791e-002,-1.016715600599127e-010, 3.210379739826408e-010,-3.973436302207034e-010
 6.458333333333333e+000, 3.994219794057351e-002, 1.996915303219994e-001, 1.455585240410100e+000,-1.640738198097295e+000,-2.971898964740640e+000, 5.679876255860972e-002,-5.485508851589908e-001, 1.033833679559596e-001,-7.274031135381080e-002,-3.250723079606387e-009, 1.027995721880614e-008,-1.271024605009607e-008
 6.466666666666667e+000, 3.542122307681510e-002, 2.004134488946410e-001, 1.456207727363659e+000,-1.641699850287496e+000,-2.974137521740452e+000, 5.646780718566502e-002,-5.484620638065767e-001, 1.050494533864072e-001,-7.220031702868944e-002,-1.039629105026307e-007, 3.291762825652355e-007,-4.065666941721612e-007
 6.475000000000000e+000, 3.092653726126159e-002, 2.011652869311779e-001, 1.456964037379106e+000,-1.642709259277832e+000,-2.976494657474086e+000, 5.579566913964040e-002,-5.483589122122295e-001, 1.066143714759776e-001,-7.155602185691676e-002,-3.789532576625732e-011,-3.616906774084328e-011,-2.015682065703572e-011
 6.483333333333333e+000, 2.645974369720021e-002, 2.019464914679986e-001, 1.457859038874482e+000,-1.643759990075347e+000,-2.978971216241697e+000, 5.478753381176293e-002,-5.482399857709811e-001, 1.080886734619963e-001,-7.082769510321803e-002,-1.212415251528043e-009,-1.157198892265398e-009,-6.458380497065263e-010
 6.491666666666667e+000, 2.202210981819980e-002, 2.027559500770547e-001, 1.458895940216608e+000,-1.644846481380059e+000,-2.981568095124720e+000, 5.345756699246751e-002,-5.481026033885559e-001, 1.094861761933065e-001,-7.004016341161647e-002,-3.878709273208435e-008,-3.702583939446668e-008,-2.069390012127137e-008
 6.500000000000000e+000, 1.761473848829390e-002, 2.035920539779221e-001, 1.460076323985137e+000,-1.645962755893588e+000,-2.984285963624948e+000, 5.182842016124756e-002,-5.479437660991112e-001, 1.108214219070595e-001,-6.922248936625414e-002,-1.240773272126460e-006,-1.184755445193808e-006,-6.631021874647921e-007
 6.508333333333334e+000, 1.323874268552075e-002, 2.044527746682564e-001, 1.461400239056161e+000,-1.647101777173216e+000,-2.987125223020813e+000, 4.993012594990409e-002,-5.477610220925098e-001, 1.121086420617382e-001,-6.840685086499036e-002,-5.273969400088063e-009, 2.774685370354746e-009, 4.834506739381794e-009
 6.516666666666667e+000, 8.895453143553694e-003, 2.053357511480503e-001, 1.462866299006217e+000,-1.648255545142201e+000,-2.990086066833804e+000, 4.779836374845647e-002,-5.475530410893365e-001, 1.133619412467176e-001,-6.762654455454213e-002,-1.688266541566285e-007, 8.861688949313161e-008, 1.547378720712089e-007
 6.525000000000000e+000, 4.586538120535846e-003, 2.062384679445737e-001, 1.464471820402254e+000,-1.649415877698283e+000,-2.993168178150301e+000, 4.547242160451814e-002,-5.473201818580821e-001, 1.145958145609393e-001,-6.691388845363741e-002, 3.987365992941249e-013, 2.964295475749167e-014, 4.181655022250651e-013
 6.533333333333333e+000, 3.138243955136816e-004, 2.071585258671167e-001, 1.466213047675604e+000,-1.650575840052875e+000,-2.996369925757215e+000, 4.299368144287241e-002,-5.470650380205306e-001, 1.158260147581757e-001,-6.629897146693109e-002, 1.283709250010645e-011, 9.363620989688568e-013, 1.343711253376511e-011
 6.541666666666667e+000,-3.921100680732551e-003, 2.080938457587599e-001, 1.468085419130194e+000,-1.651730621692842e+000,-2.999687819810412e+000, 4.040479927129859e-002,-5.467920928636141e-001, 1.170698616198861e-001,-6.580948284922758e-002, 4.106782136581445e-010, 2.989009040277325e-011, 4.300937384016380e-010
 6.550000000000000e+000,-8.117190989407330e-003, 2.090427006667162e-001, 1.470083771679304e+000,-1.652876767602243e+000,-3.003116784416457e+000, 3.774877698733858e-002,-5.465062584480888e-001, 1.183448111183980e-001,-6.547088945491948e-002, 1.313780431666523e-008, 9.544756096602214e-010, 1.376678962494715e-008
 6.558333333333334e+000,-1.227405515147508e-002, 2.100036553624126e-001, 1.472202485472399e+000,-1.654010637477957e+000,-3.006650491277400e+000, 3.506773515089456e-002,-5.462117474444369e-001, 1.196661753821572e-001,-6.530641914954710e-002, 4.202714051215749e-007, 3.048712726716473e-008, 4.406706516912883e-007
 6.566666666666666e+000,-1.639202515481845e-002, 2.109755064057957e-001, 1.474435633742831e+000,-1.655127166959800e+000,-3.010281085953817e+000, 3.240202729900421e-002,-5.459121277715501e-001, 1.210455323933179e-001,-6.533672306075537e-002, 8.982825594472388e-011,-1.229319979145771e-010,-7.671496771166630e-011
 6.575000000000000e+000,-2.047222999875129e-002, 2.119572165113262e-001, 1.476777115874065e+000,-1.656218639344076e+000,-3.013998966017985e+000, 2.978960027447553e-002,-5.456103305321691e-001, 1.224901089592672e-001,-6.557847152773699e-002, 2.878239396819636e-009,-3.929637393262906e-009,-2.457167247449375e-009
 6.583333333333333e+000,-2.451651486514653e-002, 2.129478183746798e-001, 1.479220740796967e+000,-1.657273310333838e+000,-3.017793123137813e+000, 2.726460182924262e-002,-5.453081367908157e-001, 1.240027989180770e-001,-6.604134854444139e-002, 9.222845728795726e-008,-1.256107063918321e-007,-7.870189161485186e-008
 6.591666666666667e+000,-2.852706107323870e-002, 2.139463383306735e-001, 1.481760302315701e+000,-1.658274655206926e+000,-3.021651413786054e+000, 2.485495224509560e-002,-5.450066316088128e-001, 1.255823794617133e-001,-6.672451450841255e-002,-4.105049633551516e-013, 3.240741008880832e-013,-9.971190539914687e-013
 6.600000000000000e+000,-3.250588355014611e-002, 2.149517965817884e-001, 1.484389649046431e+000,-1.659201729807554e+000,-3.025560383014080e+000, 2.258018630817160e-002,-5.447076849171032e-001, 1.272234756567115e-001,-6.761437535963008e-002,-1.307959296426020e-011, 1.037125940683836e-011,-3.186151342760014e-011
 6.608333333333333e+000,-3.645451260054028e-002, 2.159632433904478e-001, 1.487102688837897e+000,-1.660030212506555e+000,-3.029505268614459e+000, 2.045090463254651e-002,-5.444145095712819e-001, 1.289160513362624e-001,-6.868473961897890e-002,-4.183539625834952e-010, 3.324426289808002e-010,-1.019458434337039e-009
 6.616666666666667e+000,-4.037387760814813e-002, 2.169797744408447e-001, 1.489893314978283e+000,-1.660733433985276e+000,-3.033470669262535e+000, 1.846961113925616e-002,-5.441307573372998e-001, 1.306444167482288e-001,-6.989927766590634e-002,-1.338004179674002e-008, 1.065670229838389e-008,-3.261942821408681e-008
 6.625000000000000e+000,-4.426423489205751e-002, 2.180005407957543e-001, 1.492755286592589e+000,-1.661283336488676e+000,-3.037441513500816e+000, 1.663220625501394e-002,-5.438594000101017e-001, 1.323863412044015e-001,-7.121524715236433e-002,-4.278900155307851e-007, 3.416276854739663e-007,-1.043726766625230e-006
 6.633333333333334e+000,-4.812507326085098e-002, 2.190247459380858e-001, 1.495682073359838e+000,-1.661651943499290e+000,-3.041403766721408e+000, 1.493039521046846e-002,-5.436021943707284e-001, 1.341136218687304e-001,-7.258742032621081e-002,-2.056655706850208e-009, 2.306914881344824e-009, 1.541523825254743e-009
 6.641666666666667e+000,-5.195496768487165e-002, 2.200515046569591e-001, 1.498666660657059e+000,-1.661813705425938e+000,-3.045344752074747e+000, 1.335590172751822e-002,-5.433598598099816e-001, 1.357952689706964e-001,-7.397244997463419e-002,-6.588831552578613e-008, 7.373307853164592e-008, 4.935917563564374e-008
 6.650000000000000e+000,-5.575140864532455e-002, 2.210795477122581e-001, 1.501701358965694e+000,-1.661748367082702e+000,-3.049253066038141e+000, 1.190574555180524e-002,-5.431330591232735e-001, 1.374028323364402e-001,-7.533360812501286e-002, 2.110728115689066e-006,-2.356751215416179e-006,-1.580431448080670e-006
 6.658333333333333e+000,-5.951083789723813e-002, 2.221071258910158e-001, 1.504777730105400e+000,-1.661443339121035e+000,-3.053117790082429e+000, 1.058491800642258e-002,-5.429237939476418e-001, 1.389149878502376e-001,-7.664308263650874e-002, 5.631186295040890e-008, 7.695156656328804e-008,-3.885838895101301e-008
 6.666666666666667e+000,-6.322906691523189e-002, 2.231323823438919e-001, 1.507886692268698e+000,-1.660894633790213e+000,-3.056927220669298e+000, 9.404296421625435e-003,-5.427362057885377e-001, 1.403186881181686e-001,-7.788012898075807e-002,-1.801554619716706e-006,-2.464402190657001e-006, 1.240183977960512e-006
 6.675000000000000e+000,-6.690185097409797e-002, 2.241538723588244e-001, 1.511018719170540e+000,-1.660106455096654e+000,-3.060668167656377e+000, 8.376809391203111e-003,-5.425762286547166e-001, 1.416077947988408e-001,-7.902808664716278e-002, 4.573724732281902e-010,-5.302789241046212e-008,-1.054156641977499e-007
 6.683333333333334e+000,-7.052527388319607e-002, 2.251708095977148e-001, 1.514164010989623e+000,-1.659090226287604e+000,-3.064326755840085e+000, 7.515288780271412e-003,-5.424500743468785e-001, 1.427818837979902e-001,-8.007336033400384e-002,-1.392774784392259e-013, 2.989830605315547e-013,-1.507682867440963e-013
 6.691666666666666e+000,-7.409587994151834e-002, 2.261830257960051e-001, 1.517312791931487e+000,-1.657862665511355e+000,-3.067886224000922e+000, 6.832160957368050e-003,-5.423674707870011e-001, 1.438443747763718e-001,-8.100601375373361e-002,-4.349132165515355e-012, 9.511502696568636e-012,-4.807182429900079e-012
 6.700000000000000e+000,-7.761065590746957e-002, 2.271909367754050e-001, 1.520455290183777e+000,-1.656445239696201e+000,-3.071332939312664e+000, 6.338963055287028e-003,-5.423343127880255e-001, 1.448030894882344e-001,-8.182036620206808e-002,-1.391255444183059e-010, 3.044878793545536e-010,-1.536392679746257e-010
 6.708333333333334e+000,-8.106695624106286e-002, 2.281954470900020e-001, 1.523582172748508e+000,-1.654861489956080e+000,-3.074651668445646e+000, 6.046460546248245e-003,-5.423594551757994e-001, 1.456667479022974e-001,-8.251531811324150e-002,-4.449717816434884e-009, 9.747671558812954e-009,-4.910394757473569e-009
 6.716666666666667e+000,-8.446242742271071e-002, 2.291978687638512e-001, 1.526684632341696e+000,-1.653136165088488e+000,-3.077829233465876e+000, 5.964561084284448e-003,-5.424503909196233e-001, 1.464445350981641e-001,-8.309476539335567e-002,-1.422934540196152e-007, 3.120657886546141e-007,-1.569393979494738e-007
 6.725000000000001e+000,-8.779496397593642e-002, 2.301997718464588e-001, 1.529754569407796e+000,-1.651294123765547e+000,-3.080854573143499e+000, 6.102884265346997e-003,-5.426134191970363e-001, 1.471452046005778e-001,-8.356828968388849e-002, 5.980438366748331e-012, 9.965028802128018e-012, 1.441965991055838e-011
 6.733333333333333e+000,-9.106271879201817e-002, 2.312028720789641e-001, 1.532784704898487e+000,-1.649359653284250e+000,-3.083719313111075e+000, 6.471191509861196e-003,-5.428527685817460e-001, 1.477766165351134e-001,-8.395128808121664e-002, 3.824307537314551e-010, 6.369103022763053e-010, 9.235699149900963e-010
 6.741666666666667e+000,-9.426404144412429e-002, 2.322089582547177e-001, 1.535768604708713e+000,-1.647356051644574e+000,-3.086416313628445e+000, 7.079309070399997e-003,-5.431721963245458e-001, 1.483452759078003e-001,-8.426351737966481e-002, 2.445999314204528e-008, 4.070692005697651e-008, 5.915276177215212e-008
 6.750000000000000e+000,-9.739760826280586e-002, 2.332197556736859e-001, 1.538700738019064e+000,-1.645304732808987e+000,-3.088941978964964e+000, 7.936648803481106e-003,-5.435716840040203e-001, 1.488554836400461e-001,-8.452747332718338e-002, 1.759703494030873e-014,-1.354472090042691e-013, 8.612555113529652e-014
 6.758333333333334e+000,-1.004623344372485e-001, 2.342367167732456e-001, 1.541576425132680e+000,-1.643224414502600e+000,-3.091294533132500e+000, 9.052436120725371e-003,-5.440499641791126e-001, 1.493090019492760e-001,-8.476646878037339e-002, 1.208144695397095e-012,-8.713474386468079e-012, 5.446615380932940e-012
 6.766666666666667e+000,-1.034573694451322e-001, 2.352608587560626e-001, 1.544391714602408e+000,-1.641130500622152e+000,-3.093474075574518e+000, 1.043599836550602e-002,-5.446045775386447e-001, 1.497049649987179e-001,-8.500343447821333e-002, 7.693473635939082e-011,-5.579641193520499e-010, 3.481836485796917e-010
 6.775000000000000e+000,-1.063821269096242e-001, 2.362927171970009e-001, 1.547143197059875e+000,-1.639035335546702e+000,-3.095482018091919e+000, 1.209627330266505e-002,-5.452321166277431e-001, 1.500402848359717e-001,-8.525932687399365e-002, 4.898266348085655e-009,-3.572866569268029e-008, 2.225871931216261e-008
 6.783333333333333e+000,-1.092363643011138e-001, 2.373323556749758e-001, 1.549827824231399e+000,-1.636949444119149e+000,-3.097320437313644e+000, 1.404034996024572e-002,-5.459281771416625e-001, 1.503111479716810e-001,-8.555083820431525e-002,-3.118057387062958e-007, 2.287831681938299e-006,-1.422988967917829e-006
 6.791666666666667e+000,-1.120202417528679e-001, 2.383793647337394e-001, 1.552442758816659e+000,-1.634883034903046e+000,-3.098991628920611e+000, 1.627171106064784e-002,-5.466874193034035e-001, 1.505153645437447e-001,-8.588818830564024e-002, 1.326342169982730e-007, 8.288815189771980e-008, 1.049427579002948e-007
 6.800000000000000e+000,-1.147343251288259e-001, 2.394328717081969e-001, 1.554985224414786e+000,-1.632847316794792e+000,-3.100498126460164e+000, 1.878880445664111e-002,-5.475035687501106e-001, 1.506548385165963e-001,-8.627391556781658e-002, 7.523981437884686e-013,-3.030908857226677e-014,-9.258149802349180e-013
 6.808333333333334e+000,-1.173796072697789e-001, 2.404916124851428e-001, 1.557452347291289e+000,-1.630855894286003e+000,-3.101843023054950e+000, 2.158410670806177e-002,-5.483690119520843e-001, 1.507374471580147e-001,-8.670296616392072e-002, 4.815647880462847e-011,-1.925903880817259e-012,-5.924616353070177e-011
 6.816666666666666e+000,-1.199575987732385e-001, 2.415540375019877e-001, 1.559841039833628e+000,-1.628926003372112e+000,-3.103030120422339e+000, 2.464361369235935e-002,-5.492742310622915e-001, 1.507773234048685e-001,-8.716411336666471e-002, 3.082103905427402e-009,-1.232249857707757e-010,-3.791667757546691e-009
 6.825000000000000e+000,-1.224704140561792e-001, 2.426183761106158e-001, 1.562147947722865e+000,-1.627079351992796e+000,-3.104063599511511e+000, 2.794664035921946e-002,-5.502078208856103e-001, 1.507944340501343e-001,-8.764196200523111e-002, 9.862360950130267e-008,-3.949479299159009e-009,-1.213354352547214e-007
 6.833333333333334e+000,-1.249209111866932e-001, 2.436826111934108e-001, 1.564369560186301e+000,-1.625342580156118e+000,-3.104948388398864e+000, 3.146668178493206e-002,-5.511560067395481e-001, 1.508150003042250e-001,-8.811962618724710e-002,-4.816147480823929e-013, 9.678924328682115e-013,-4.239664175287317e-013
 6.841666666666667e+000,-1.273126945541335e-001, 2.447445979095652e-001, 1.566502258204149e+000,-1.623747902157241e+000,-3.105688935767513e+000, 3.517051189154419e-002,-5.521042474514584e-001, 1.508729953297582e-001,-8.857775888130312e-002,-1.535604976510285e-011, 3.099398515615802e-011,-1.360123125238032e-011
 6.850000000000001e+000,-1.296503550299713e-001, 2.458021999661496e-001, 1.568542845708282e+000,-1.622330413809344e+000,-3.106289059627595e+000, 3.901841665875461e-002,-5.530376194274269e-001, 1.510060710291148e-001,-8.899566368343359e-002,-4.905706396662879e-010, 9.924581156894874e-010,-4.346868420768146e-010
 6.858333333333333e+000,-1.319395132579826e-001, 2.468534715202033e-001, 1.570489131809553e+000,-1.621123667154916e+000,-3.106750903502441e+000, 4.296417928773222e-002,-5.539427746140485e-001, 1.512489113178503e-001,-8.935127145057571e-002,-1.567168123051132e-008, 3.177900653739129e-008,-1.389311479749189e-008
 6.866666666666667e+000,-1.341867097748198e-001, 2.478967726882802e-001, 1.572340437815700e+000,-1.620154825705474e+000,-3.107074332495601e+000, 4.695606854789380e-002,-5.548095894097982e-001, 1.516264090341343e-001,-8.962158924217167e-002,-5.006422799103127e-007, 1.017564531302639e-006,-4.440721250442703e-007
 6.875000000000000e+000,-1.363991666755083e-001, 2.489307937827006e-001, 1.574097855589286e+000,-1.619440803126375e+000,-3.107256886348560e+000, 5.093877363505994e-002,-5.556319123032456e-001, 1.521487108252857e-001,-8.978393236900160e-002, 4.156967603474726e-009, 2.038412216798236e-009,-1.404358296319686e-010
 6.883333333333334e+000,-1.385844629999622e-001, 2.499544429747365e-001, 1.575764270205864e+000,-1.618985831567241e+000,-3.107294475429939e+000, 5.485633954134883e-002,-5.564073590257825e-001, 1.528091660760741e-001,-8.981792730045926e-002, 1.330816280509239e-007, 6.510751171528993e-008,-4.506365197665118e-009
 6.891666666666667e+000,-1.407501506389436e-001, 2.509666352322912e-001, 1.577344169914849e+000,-1.618780774690086e+000,-3.107182749010338e+000, 5.865569477594690e-002,-5.571365448986624e-001, 1.535855372484942e-001,-8.970766537275961e-002,-6.039613253960852e-014, 1.278976924368180e-013, 4.635181127810029e-014
 6.900000000000000e+000,-1.429033641384962e-001, 2.519660526386855e-001, 1.578843293896709e+000,-1.618803951895702e+000,-3.106918681445690e+000, 6.229016078773109e-002,-5.578222266174092e-001, 1.544434659531289e-001,-8.944384933964604e-002,-1.922129122533534e-012, 4.102607142897341e-012, 1.445898956120573e-012
 6.908333333333333e+000,-1.450505100186424e-001, 2.529509230864920e-001, 1.580268189103400e+000,-1.619022975098873e+000,-3.106502013232065e+000, 6.572232890095586e-002,-5.584682917541640e-001, 1.553411102628056e-001,-8.902560137660145e-002,-6.138189956317319e-011, 1.313297248728418e-010, 4.630623662293942e-011
 6.916666666666667e+000,-1.471971088136113e-001, 2.539188869055087e-001, 1.581625697420302e+000,-1.619397449609311e+000,-3.105936509321757e+000, 6.892553197939932e-002,-5.590781485694265e-001, 1.562341944142395e-001,-8.846109041001037e-002,-1.960235584963499e-009, 4.204061876400544e-009, 1.482750255910048e-009
 6.925000000000001e+000,-1.493477487478654e-001, 2.548670107036127e-001, 1.582922355500585e+000,-1.619881997835918e+000,-3.105231175549195e+000, 7.188366718387540e-002,-5.596525207792762e-001, 1.570799895780012e-001,-8.776674423495810e-002,-6.260411689051892e-008, 1.345784756967561e-007, 4.747237353219802e-008
 6.933333333333334e+000,-1.515060958425442e-001, 2.557919678315993e-001, 1.584163746968655e+000,-1.620428561542348e+000,-3.104401206609847e+000, 7.458969516049363e-002,-5.601874106872851e-001, 1.578387812512302e-001,-8.696550922283459e-002,-4.840572387365683e-014,-2.498001805406602e-014, 7.521760991835436e-015
 6.941666666666667e+000,-1.536749889360300e-001, 2.566902786649095e-001, 1.585353997079239e+000,-1.620988140318442e+000,-3.103467665747169e+000, 7.704360815587830e-002,-5.606736885246104e-001, 1.584741105619878e-001,-8.608469661522604e-002,-1.552202810728431e-012,-7.819300762434975e-013, 1.995625886763718e-013
 6.950000000000000e+000,-1.558565998442851e-001, 2.575584520545229e-001, 1.586495581663022e+000,-1.621513117654714e+000,-3.102455432575423e+000, 7.925073668289517e-002,-5.610989599794490e-001, 1.589544894109058e-001,-8.515360075192584e-002,-4.968528366511295e-011,-2.498978801668273e-011, 6.402489649559586e-012
 6.958333333333334e+000,-1.580526082379740e-001, 2.583930676405096e-001, 1.587589366267689e+000,-1.621960212143443e+000,-3.101390469110528e+000, 8.122014517637766e-002,-5.614501851322168e-001, 1.592562651678173e-001,-8.420094149733930e-002,-1.590370085624570e-009,-7.986288297345821e-010, 2.054908465609628e-010
 6.966666666666667e+000,-1.602644098915803e-001, 2.591909088880529e-001, 1.588634733314721e+000,-1.622293358718137e+000,-3.100297301678795e+000, 8.296267755554165e-002,-5.617156413840428e-001, 1.593656234711104e-001,-8.325259862582757e-002,-5.090488078285382e-008,-2.552481770390358e-008, 6.595656909524905e-009
 6.975000000000001e+000,-1.624933521074231e-001, 2.599491225198145e-001, 1.589629826383330e+000,-1.622486060412896e+000,-3.099196603826130e+000, 8.448919189551063e-002,-5.618867682209501e-001, 1.592794064596698e-001,-8.232991460933610e-002,-1.629338583053474e-006,-8.158599296148592e-007, 2.117017418867828e-007
 6.983333333333333e+000,-1.647408982114051e-001, 2.606653461993460e-001, 1.590571954561707e+000,-1.622522603130594e+000,-3.098103129509152e+000, 8.580903551489483e-002,-5.619602418613553e-001, 1.590051113001636e-001,-8.144813902512808e-002,-6.778839989340922e-010, 1.429295570787303e-009, 3.974127693595618e-010
 6.991666666666667e+000,-1.670087086454604e-001, 2.613375451171551e-001, 1.591458190446308e+000,-1.622398177181220e+000,-3.097023214523147e+000, 8.693315467323437e-002,-5.619409907438385e-001, 1.585611917867247e-001,-8.061940449559821e-002,-1.083396913847956e-008, 2.287519706989372e-008, 6.355987125505891e-009
 7.000000000000000e+000,-1.692986283369874e-001, 2.619641982303257e-001, 1.592285879464593e+000,-1.622118373099556e+000,-3.095955372506879e+000, 8.787016675363679e-002,-5.618412137332354e-001, 1.579753587774195e-001,-7.984928317049068e-002,-1.731668679838538e-007, 3.661012075717451e-007, 1.016421902477749e-007
 7.008333333333334e+000,-1.716127261856430e-001, 2.625442368772414e-001, 1.593053190757786e+000,-1.621698163197509e+000,-3.094890487434787e+000, 8.862890420296887e-002,-5.616796777431355e-001, 1.572829484872034e-001,-7.913983600164667e-002, 9.296174940942590e-013, 6.515898931525043e-013,-7.646938637861920e-013
 7.016666666666667e+000,-1.739532207480083e-001, 2.630772273400010e-001, 1.593759516039956e+000,-1.621159752484469e+000,-3.093814479446504e+000, 8.921668024466722e-002,-5.614787140981076e-001, 1.565229165916806e-001,-7.848927068932900e-002, 1.485975231751979e-011, 1.042776975879178e-011,-1.226116430608215e-011
 7.025000000000000e+000,-1.763222812991026e-001, 2.635634499019894e-001, 1.594405802745621e+000,-1.620529731000689e+000,-3.092711398192059e+000, 8.963880416723846e-002,-5.612614970904254e-001, 1.557332706531588e-001,-7.789299675374839e-002, 2.377807950537658e-010, 1.667112004000159e-010,-1.962610074457416e-010
 7.033333333333333e+000,-1.787217592898188e-001, 2.640038648354273e-001, 1.594994738497564e+000,-1.619836180482919e+000,-3.091566684453814e+000, 8.989883197494253e-002,-5.610494100753792e-001, 1.549473105219284e-001,-7.734508213943457e-002, 3.804906251181350e-009, 2.665393350476109e-009,-3.141353899227539e-009
 7.041666666666667e+000,-1.811529803526533e-001, 2.644000097250281e-001, 1.595530747272657e+000,-1.619106034262194e+000,-3.090370248350298e+000, 8.999904897539279e-002,-5.608594369199231e-001, 1.541912244220454e-001,-7.683948384298465e-002, 6.088543835769399e-008, 4.261627439827719e-008,-5.027863039797075e-008
 7.050000000000001e+000,-1.836166605541429e-001, 2.647539036219072e-001, 1.596019853291649e+000,-1.618362714687982e+000,-3.089118631718546e+000, 8.994074778401462e-002,-5.607021588552630e-001, 1.534823544216436e-001,-7.637036531122869e-002, 9.742818154190312e-007, 6.814092442519736e-007,-8.046999815380926e-007
 7.058333333333334e+000,-1.861128819092383e-001, 2.650679526911108e-001, 1.596469444834907e+000,-1.617624225861732e+000,-3.087815872945575e+000, 8.972469372491254e-002,-5.605808947145519e-001, 1.528281638118050e-001,-7.593202978830466e-002, 7.859281558886266e-010,-1.505511160182493e-009,-3.300163198272088e-010
 7.066666666666666e+000,-1.886410781140956e-001, 2.653448508470491e-001, 1.596887938682800e+000,-1.616902002381228e+000,-3.086473345790062e+000, 8.935186261763040e-002,-5.604918426615461e-001, 1.522264769424394e-001,-7.551871839419166e-002, 1.257233339657659e-008,-2.409141186543450e-008,-5.271427322428578e-009
 7.075000000000000e+000,-1.912000725552742e-001, 2.655875035968360e-001, 1.597284389943479e+000,-1.616200512554612e+000,-3.085108851041842e+000, 8.882396061873887e-002,-5.604247854012923e-001, 1.516667607167889e-001,-7.512343931051363e-002, 2.011337243701394e-007,-3.855070147551486e-007,-8.419493927047660e-008
 7.083333333333334e+000,-1.937882092591132e-001, 2.657989377233508e-001, 1.597668100165571e+000,-1.615517490579426e+000,-3.083744925311920e+000, 8.814410566839337e-002,-5.603644260741051e-001, 1.511322837087885e-001,-7.473663579201215e-002,-1.865008147916569e-012,-1.303068764002546e-012, 1.514788294798563e-012
 7.091666666666667e+000,-1.964035423119363e-001, 2.659821736551576e-001, 1.598048224362571e+000,-1.614844725107613e+000,-3.082406454968266e+000, 8.731814415609618e-002,-5.602924910401891e-001, 1.506030278976392e-001,-7.434601967776504e-002,-2.985808822408842e-011,-2.084521444345455e-011, 2.423772293980164e-011
 7.100000000000001e+000,-1.990439956053926e-001, 2.661401257842772e-001, 1.598433359994575e+000,-1.614169159046669e+000,-3.081118062301758e+000, 8.635620501764496e-002,-5.601900938035628e-001, 1.500583203484978e-001,-7.393700946570167e-002,-4.777682138801253e-010,-3.334005294064468e-010, 3.878621313013752e-010
 7.108333333333334e+000,-2.017074411436530e-001, 2.662755534140997e-001, 1.598831143636333e+000,-1.613474064949249e+000,-3.079901748509310e+000, 8.527428144059535e-002,-5.600398713652872e-001, 1.494784211119489e-001,-7.349368222763116e-002,-7.644860799960185e-009,-5.332572383665024e-009, 6.206659769469880e-009
 7.116666666666667e+000,-2.043917640164068e-001, 2.663910124219522e-001, 1.599247943029217e+000,-1.612740386680990e+000,-3.078774955469284e+000, 8.409569162969133e-002,-5.598278982382366e-001, 1.488455507514794e-001,-7.300097594624522e-002,-1.223262888205845e-007,-8.529360118192386e-008, 9.931959665809842e-008
 7.125000000000000e+000,-2.070950607744336e-001, 2.664888051447247e-001, 1.599688733576227e+000,-1.611948554035156e+000,-3.077748989210318e+000, 8.285173953001435e-002,-5.595451865528299e-001, 1.481451581107186e-001,-7.244701709479431e-002, 1.957356284515170e-006, 1.364266158522801e-006,-1.589314751540227e-006
 7.133333333333334e+000,-2.098159839574928e-001, 2.665709523222803e-001, 1.600157138198189e+000,-1.611080699582236e+000,-3.076827930230175e+000, 8.158135347999007e-002,-5.591882969977960e-001, 1.473675703960434e-001,-7.182442991796732e-002, 3.611310028794889e-009,-9.706584092050717e-009,-3.863153491545645e-009
 7.141666666666668e+000,-2.125540216807426e-001, 2.666391796483020e-001, 1.600655525233051e+000,-1.610122473705407e+000,-3.076008411039377e+000, 8.032990106381632e-002,-5.587589979696173e-001, 1.465091861926563e-001,-7.113131666134250e-002, 5.778929001998279e-008,-1.553239614704438e-007,-6.175570810285080e-008
 7.150000000000000e+000,-2.153095485754185e-001, 2.666949235444014e-001, 1.601185099099298e+000,-1.609063789872464e+000,-3.075280369453077e+000, 7.914687541955301e-002,-5.582632724140986e-001, 1.455722074513342e-001,-7.037155120307360e-002,-9.246594099978753e-007, 2.485504963619456e-006, 9.872507683356969e-007
 7.158333333333333e+000,-2.180836942898459e-001, 2.667393311127389e-001, 1.601745968932816e+000,-1.607898750549217e+000,-3.074628431993501e+000, 7.808260630918795e-002,-5.577100904941275e-001, 1.445630524625846e-001,-6.955378157265228e-002, 3.977767143448218e-009, 6.875456648458565e-009,-1.361390933318773e-008
 7.166666666666667e+000,-2.208781152736098e-001, 2.667732297281149e-001, 1.602337219766803e+000,-1.606625431898559e+000,-3.074033622444431e+000, 7.718496973792455e-002,-5.571105182570401e-001, 1.434903826250415e-001,-6.869083013131176e-002, 6.367437893617378e-008, 1.099375002144853e-007,-2.178488949788893e-007
 7.175000000000001e+000,-2.236947490831902e-001, 2.667971493285302e-001, 1.602957050704511e+000,-1.605245956894216e+000,-3.073475257176158e+000, 7.649625521315739e-002,-5.564771879753084e-001, 1.423633004380726e-001,-6.779974973227580e-002, 1.121269743720177e-012, 2.051692149507289e-013, 4.310718448863327e-013
 7.183333333333334e+000,-2.265356419567737e-001, 2.668114215102141e-001, 1.603602979896252e+000,-1.603766680738297e+000,-3.072932881496106e+000, 7.604998004431796e-002,-5.558233502063459e-001, 1.411898835514299e-001,-6.690057114723400e-002, 1.794239756769400e-011, 3.279487792440249e-012, 6.897676874118018e-012
 7.191666666666667e+000,-2.294028192893950e-001, 2.668162440801310e-001, 1.604272021471277e+000,-1.602197798171173e+000,-3.072388181977625e+000, 7.586840711263854e-002,-5.551613084954904e-001, 1.399760016801549e-001,-6.601421154923994e-002, 2.870947923838684e-010, 5.240730072131325e-011, 1.103528934898179e-010
 7.200000000000000e+000,-2.322981251541944e-001, 2.668117039984236e-001, 1.604960778414248e+000,-1.600552106979183e+000,-3.071826681618971e+000, 7.596118192294199e-002,-5.545011182446740e-001, 1.387241009253393e-001,-6.516098748100134e-002, 4.593845887024272e-009, 8.372241788734412e-010, 1.765389640029369e-009
 7.208333333333334e+000,-2.352230846966933e-001, 2.667978278334003e-001, 1.605665487799262e+000,-1.598843641258343e+000,-3.071238769957538e+000, 7.632456244361485e-002,-5.538501359494154e-001, 1.374323745766120e-001,-6.435872462633686e-002, 7.350819819507136e-008, 1.337091037889593e-008, 2.824038652926574e-008
 7.216666666666667e+000,-2.381788419320542e-001, 2.667746095401922e-001, 1.606382069032345e+000,-1.597086879124927e+000,-3.070619951242930e+000, 7.694120760225287e-002,-5.532131825579040e-001, 1.360955306138681e-001,-6.361995415028693e-002, 1.176258441204503e-006, 2.134868122283251e-007, 4.517230334233346e-007
 7.225000000000001e+000,-2.411661562801321e-001, 2.667419700898684e-001, 1.607106195223804e+000,-1.595296368053519e+000,-3.069970653358588e+000, 7.778123899845690e-002,-5.525928868040959e-001, 1.347070195344416e-001,-6.295004031683163e-002, 1.058103604734129e-011,-1.009617500713489e-009, 4.733309022508792e-010
 7.233333333333333e+000,-2.441854914211043e-001, 2.666997120895754e-001, 1.607833383833717e+000,-1.593486454950314e+000,-3.069295738036851e+000, 7.880506278546262e-002,-5.519898938339082e-001, 1.332611178030223e-001,-6.234734680605180e-002, 1.614368638769292e-010,-1.615200639903946e-008, 7.577416472059893e-009
 7.241666666666667e+000,-2.472371987070665e-001, 2.666475024855156e-001, 1.608559090619049e+000,-1.591671450148233e+000,-3.068603506077910e+000, 7.996743801138662e-002,-5.514031703913158e-001, 1.317545299314931e-001,-6.180472105532089e-002, 2.456884279355975e-009,-2.584021935314595e-007, 1.213042149228460e-007
 7.250000000000000e+000,-2.503216971459278e-001, 2.665848233973560e-001, 1.609278804581336e+000,-1.589866543070870e+000,-3.067903990907866e+000, 8.122216941980609e-002,-5.508312010181279e-001, 1.301887212842092e-001,-6.131205966993197e-002,-3.510247648108589e-012,-1.965094753586527e-014, 2.586819647376615e-014
 7.258333333333334e+000,-2.534395358844744e-001, 2.665111273698749e-001, 1.609988086254609e+000,-1.588088814560566e+000,-3.067207851526723e+000, 8.252165314862792e-002,-5.502730353493680e-001, 1.285717808118746e-001,-6.085496349322001e-002,-1.123295900740118e-010,-5.743183706385935e-013, 8.479605906330789e-013
 7.266666666666668e+000,-2.565914291802873e-001, 2.664256577188449e-001, 1.610682649188203e+000,-1.586356834142130e+000,-3.066524581179234e+000, 8.382271432605881e-002,-5.497296976297510e-001, 1.269192959396695e-001,-6.041881116192957e-002,-3.594547937080249e-009,-1.644884228824139e-011, 2.783867580902210e-011
 7.275000000000000e+000,-2.597780612797693e-001, 2.663276094165765e-001, 1.611358284084787e+000,-1.584688589971169e+000,-3.065863054629216e+000, 8.508463369508457e-002,-5.492033644922639e-001, 1.252505419792669e-001,-5.998692757993882e-002,-1.150254808901518e-007,-4.669351572061941e-010, 9.148102553258040e-010
 7.283333333333333e+000,-2.629998897648792e-001, 2.662160739314066e-001, 1.612010823849823e+000,-1.583099173775304e+000,-3.065231768218462e+000, 8.627125319691009e-002,-5.486968866286500e-001, 1.235848375125436e-001,-5.954346929948030e-002,-7.216449660063516e-016, 4.551914400963141e-015,-2.728373083016322e-014
 7.291666666666667e+000,-2.662571141603224e-001, 2.660901164055757e-001, 1.612636205762980e+000,-1.581599845287151e+000,-3.064638823531675e+000, 8.735118137901354e-002,-5.482133969989119e-001, 1.219398635767130e-001,-5.907434363263657e-002,-4.862776847858186e-014, 1.693090112553364e-013,-9.259815136886118e-013
 7.300000000000001e+000,-2.695498105235697e-001, 2.659488271019666e-001, 1.613230640726620e+000,-1.580198107782638e+000,-3.064090466486459e+000, 8.829895670281829e-002,-5.477570213363543e-001, 1.203312988318784e-001,-5.856816492104566e-002,-1.559502527115342e-012, 5.412781334257488e-012,-2.963143619361119e-011
 7.308333333333334e+000,-2.728779595524233e-001, 2.657913747809251e-001, 1.613790605832249e+000,-1.578897684057113e+000,-3.063591434264012e+000, 8.909386868839953e-002,-5.473314105362035e-001, 1.187722620600262e-001,-5.801506984324871e-002,-5.004077707759791e-011, 1.730493526252985e-010,-9.482270524330261e-010
 7.316666666666667e+000,-2.762413945499488e-001, 2.656169273840073e-001, 1.614312779343461e+000,-1.577698724655437e+000,-3.063145203284346e+000, 8.972005930457883e-002,-5.469389323961653e-001, 1.172731675384570e-001,-5.740755724010671e-002,-8.028107068014376e-010, 2.766429196832120e-009,-1.517193912170533e-008
 7.325000000000001e+000,-2.796398167625691e-001, 2.654245904026816e-001, 1.614794072581985e+000,-1.576598225511367e+000,-3.062752646987533e+000, 9.016771836210991e-002,-5.465821772473877e-001, 1.158413782100825e-001,-5.674226121217722e-002,-1.287846637665346e-008, 4.422878185916801e-008,-2.427553243977698e-007
 7.333333333333334e+000,-2.830727836526768e-001, 2.652136676063078e-001, 1.615231493408708e+000,-1.575589944716705e+000,-3.062414414308097e+000, 9.042840252230766e-002,-5.462612027962049e-001, 1.144786553864616e-001,-5.601661956635098e-002, 3.830269434956790e-015,-2.488009798184976e-013,-4.546363285840016e-014
 7.341666666666667e+000,-2.865397226466397e-001, 2.649836461387297e-001, 1.615622113189621e+000,-1.574664604386266e+000,-3.062131835236844e+000, 9.049496977988492e-002,-5.459726908400995e-001, 1.131803185974060e-001,-5.522967871820565e-002, 4.909961326404755e-014,-3.972377982108810e-012,-7.459866058212583e-013
 7.350000000000001e+000,-2.900400611394146e-001, 2.647339748705011e-001, 1.615963384026376e+000,-1.573811352173641e+000,-3.061902756250546e+000, 9.036527079721957e-002,-5.457157081372259e-001, 1.119379537980069e-001,-5.438513985361750e-002, 7.696343562457741e-013,-6.356004611518529e-011,-1.192862475463130e-011
 7.358333333333334e+000,-2.935733534558699e-001, 2.644642031914314e-001, 1.616253183813229e+000,-1.573019284005868e+000,-3.061725012548499e+000, 9.003839475386544e-002,-5.454880294668865e-001, 1.107412547270156e-001,-5.348746406721605e-002, 1.211294953229469e-011,-1.016978168344451e-009,-1.907652369403933e-010
 7.366666666666667e+000,-2.971394541255728e-001, 2.641738354527626e-001, 1.616490174450150e+000,-1.572279537594583e+000,-3.061593738321073e+000, 8.951690265147683e-002,-5.452900843223451e-001, 1.095811704415415e-001,-5.254371388371446e-002, 1.912698888162367e-010,-1.627191204001121e-008,-3.050991403963365e-009
 7.375000000000000e+000,-3.007385184324194e-001, 2.638623363586282e-001, 1.616673759809784e+000,-1.571586085536356e+000,-3.061502643696251e+000, 8.880611985189990e-002,-5.451239280325795e-001, 1.084510860578585e-001,-5.156318367040119e-002, 3.030626888333998e-009,-2.603540394385817e-007,-4.879917819833324e-008
 7.383333333333334e+000,-3.043709947488749e-001, 2.635292080714110e-001, 1.616803857777978e+000,-1.570935763846488e+000,-3.061445730242413e+000, 8.791320977186246e-002,-5.449911349352836e-001, 1.073470429182127e-001,-5.055606415145932e-002,-6.437073096776658e-013,-1.820765760385257e-013, 9.330036743193659e-013
 7.391666666666668e+000,-3.080376270660477e-001, 2.631740675836581e-001, 1.616880700848316e+000,-1.570328066606748e+000,-3.061418673637910e+000, 8.684661169793406e-002,-5.448908064112826e-001, 1.062672828975272e-001,-4.953216815854601e-002,-1.029840102084734e-011,-2.912337038196711e-012, 1.492769796662685e-011
 7.400000000000000e+000,-3.117393991604963e-001, 2.627966524645822e-001, 1.616904795502670e+000,-1.569764834188898e+000,-3.061419178103744e+000, 8.561630724957192e-002,-5.448193060436474e-001, 1.052117914703306e-001,-4.850082131002967e-002,-1.647580960550954e-010,-4.659317376365380e-011, 2.388548248077882e-010
 7.408333333333334e+000,-3.154774578092039e-001, 2.623968474901382e-001, 1.616876953416575e+000,-1.569249864173175e+000,-3.061446735215079e+000, 8.423408536766974e-002,-5.447712771487598e-001, 1.041820147032170e-001,-4.747083642673875e-002,-2.635898554981253e-009,-7.455654982280178e-010, 3.821822552874109e-009
 7.416666666666667e+000,-3.192530647057182e-001, 2.619747434899187e-001, 1.616798251638251e+000,-1.568788494241953e+000,-3.061502639499301e+000, 8.271354511672335e-002,-5.447401668239968e-001, 1.031802441015863e-001,-4.645034931962370e-002,-4.217088855895668e-008,-1.193235898977463e-008, 6.115091627512115e-008
 7.425000000000001e+000,-3.230675603785446e-001, 2.615306421705398e-001, 1.616669937134790e+000,-1.568387042758475e+000,-3.061590197152316e+000, 8.107014551295633e-002,-5.447179619396187e-001, 1.022085066540444e-001,-4.544716942124060e-002,-6.746800728651970e-007,-1.910025628770740e-007, 9.784353500186251e-007
 7.433333333333334e+000,-3.269223514314965e-001, 2.610650504980801e-001, 1.616493392563395e+000,-1.568052006949105e+000,-3.061714504615062e+000, 7.932087198941806e-002,-5.446954784647801e-001, 1.012675086148778e-001,-4.446868733926853e-002,-2.021644518457321e-010, 1.199499943815851e-009, 9.572059811446818e-011
 7.441666666666667e+000,-3.308189392311131e-001, 2.605787404709275e-001, 1.616270175832091e+000,-1.567789342981131e+000,-3.061881448454265e+000, 7.748282893920333e-002,-5.446641062388750e-001, 1.003562610353092e-001,-4.352015870147327e-002,-6.477412300975869e-009, 3.838260875799193e-008, 3.063157227867207e-009
 7.450000000000000e+000,-3.347589393592338e-001, 2.600726444424616e-001, 1.616001889983952e+000,-1.567603900950596e+000,-3.062099399633634e+000, 7.557460305638974e-002,-5.446136570409355e-001, 9.947216218298061e-002,-4.260575561287780e-002,-2.075784180100015e-007, 1.228191678137591e-006, 9.803033396149627e-008
 7.458333333333334e+000,-3.387440260264554e-001, 2.595479424666303e-001, 1.615690294821500e+000,-1.567499469566969e+000,-3.062375969105441e+000, 7.361285544991292e-002,-5.445367177933930e-001, 9.861130211993310e-002,-4.172530401194789e-002, 6.943074171150697e-010, 3.189243313883594e-010,-2.484091932153376e-009
 7.466666666666667e+000,-3.427759074986426e-001, 2.590059279397627e-001, 1.615337191549443e+000,-1.567478666535179e+000,-3.062719682131733e+000, 7.161395044028129e-002,-5.444259068370313e-001, 9.776890792886846e-002,-4.087628380629250e-002, 2.221249578715500e-008, 1.021359907760200e-008,-7.949138053353620e-008
 7.475000000000001e+000,-3.468562936381949e-001, 2.584480086034586e-001, 1.614944398188791e+000,-1.567543301477246e+000,-3.063139523908316e+000, 6.959300919076261e-002,-5.442743521394340e-001, 9.694011593184634e-002,-4.005369766865678e-002,-1.135203042679223e-014,-3.042011087472929e-014,-7.549516567451065e-015
 7.483333333333334e+000,-3.509868237452416e-001, 2.578756040868748e-001, 1.614513654616117e+000,-1.567695021464618e+000,-3.063645602095122e+000, 6.756459424493944e-002,-5.440745235995520e-001, 9.612087211529116e-002,-3.925173865176584e-002,-3.619604616034166e-013,-9.695577674051490e-013,-2.231825835252720e-013
 7.491666666666667e+000,-3.551689666536242e-001, 2.572901248022121e-001, 1.614046592699441e+000,-1.567936106379378e+000,-3.064248785358699e+000, 6.554226631695448e-002,-5.438185866016031e-001, 9.530873705646550e-002,-3.846380398436183e-002,-1.157338114232686e-011,-3.103362011813714e-011,-7.142786362379637e-012
 7.500000000000000e+000,-3.594038459708962e-001, 2.566928706558874e-001, 1.613544616541357e+000,-1.568269463746940e+000,-3.064961928050961e+000, 6.353977533389488e-002,-5.434971084199939e-001, 9.450317535225716e-002,-3.768361310314077e-002,-1.850005704184810e-010,-4.965977629112217e-010,-1.142921868257929e-010
 7.508333333333334e+000,-3.636918823046185e-001, 2.560851186340562e-001, 1.613008900447651e+000,-1.568697854827156e+000,-3.065798972673013e+000, 6.156683025557896e-002,-5.431015870037519e-001, 9.370425208132177e-002,-3.690173501123602e-002,-2.957221384436437e-009,-7.946560298677241e-009,-1.828847628893016e-009
 7.516666666666668e+000,-3.680325587719963e-001, 2.554678699539530e-001, 1.612440326909673e+000,-1.569222668240131e+000,-3.066776845833596e+000, 5.963259330074733e-002,-5.426221894073644e-001, 9.291096091151944e-002,-3.610955504510650e-002,-4.727122865366694e-008,-1.271605801766995e-007,-2.926499939603921e-008
 7.525000000000000e+000,-3.724243586008013e-001, 2.548419374525027e-001, 1.611839714023753e+000,-1.569843645846927e+000,-3.067913673747103e+000, 5.774383593522758e-002,-5.420501187789445e-001, 9.212038792582876e-002,-3.529731064937220e-002, 7.556436026606589e-007, 2.034810604821368e-006, 4.683097181807589e-007
 7.533333333333334e+000,-3.768648613695348e-001, 2.542078282547270e-001, 1.611208017110887e+000,-1.570558963345264e+000,-3.069227957733082e+000, 5.590706659936329e-002,-5.413779865057036e-001, 9.132858261087612e-002,-3.445546570713411e-002,-1.143790367974517e-008, 4.501527484102041e-009,-1.169596947070417e-009
 7.541666666666668e+000,-3.813508610789437e-001, 2.535656715730074e-001, 1.610546489484663e+000,-1.571365359711410e+000,-3.070737509569131e+000, 5.412953154110722e-002,-5.406005092581543e-001, 9.053140730655597e-002,-3.357515463161725e-002,-1.830369654454155e-007, 7.195966267303787e-008,-1.866316620691144e-008
 7.550000000000001e+000,-3.858784668134861e-001, 2.529152732950132e-001, 1.609856746752800e+000,-1.572257893327262e+000,-3.072459168118215e+000, 5.241907896861431e-002,-5.397142528756647e-001, 8.972425595451192e-002,-3.264736261001983e-002, 1.065814103640150e-014, 6.916689443414725e-014, 1.633138069223605e-013
 7.558333333333334e+000,-3.904431899038548e-001, 2.522559722215002e-001, 1.609140930342341e+000,-1.573229377306076e+000,-3.074406586637693e+000, 5.078783057931435e-002,-5.387198159248394e-001, 8.890240380563687e-002,-3.166566147630665e-002, 3.500255640886961e-013, 2.232547480218727e-012, 5.258266044805281e-012
 7.566666666666667e+000,-3.950399328614634e-001, 2.515866966411097e-001, 1.608401833269680e+000,-1.574270354650246e+000,-3.076590041362459e+000, 4.924947459046036e-002,-5.376218207990265e-001, 8.806234819766051e-002,-3.062336083441865e-002, 1.123179327322532e-011, 7.140477098488418e-011, 1.682753103526835e-010
 7.575000000000001e+000,-3.996632600662107e-001, 2.509058351981412e-001, 1.607643235730380e+000,-1.575369242688703e+000,-3.079012683613138e+000, 4.782209671642779e-002,-5.364323424271744e-001, 8.720323348201424e-002,-2.951588850482654e-002, 3.606571430392336e-010, 2.283591871155011e-009, 5.385300261284698e-009
 7.583333333333334e+000,-4.043078329482071e-001, 2.502114691878731e-001, 1.606870143781437e+000,-1.576512753114919e+000,-3.081668454627421e+000, 4.652647090584994e-002,-5.351722442148900e-001, 8.632662815685795e-002,-2.833942247516870e-002, 1.158913712218102e-008, 7.302335069958589e-008, 1.723480713977655e-007
 7.591666666666668e+000,-4.089689571097412e-001, 2.495016393845672e-001, 1.606089000092945e+000,-1.577686400573247e+000,-3.084540408394042e+000, 4.538463308071128e-002,-5.338722401744466e-001, 8.543601094292455e-002,-2.709097041139489e-002, 1.088018564132653e-013,-4.375388940047740e-013, 1.785516179353407e-013
 7.600000000000001e+000,-4.136431234839893e-001, 2.487745926797095e-001, 1.605307794288565e+000,-1.578874450611036e+000,-3.087599799876536e+000, 4.441782983551201e-002,-5.325730006064970e-001, 8.453523987261899e-002,-2.576864410907469e-002, 3.510053359079279e-012,-1.397459925556177e-011, 5.721950691039977e-012
 7.608333333333334e+000,-4.183284083760865e-001, 2.480289673179243e-001, 1.604535973482169e+000,-1.580058726699689e+000,-3.090806366611343e+000, 4.364334974072381e-002,-5.313237951532529e-001, 8.362450849723581e-002,-2.437121199680500e-002, 1.124532689189550e-010,-4.472640036112806e-010, 1.828387163893552e-010
 7.616666666666667e+000,-4.230246891933285e-001, 2.472638755841854e-001, 1.603784218009128e+000,-1.581217580030416e+000,-3.094109980815224e+000, 4.307096473419803e-002,-5.301799481629603e-001, 8.269615983575929e-002,-2.289777589632408e-002, 3.601920262052970e-009,-1.431539153884387e-008, 5.841494427061276e-009
 7.625000000000001e+000,-4.277337515204535e-001, 2.464788870577035e-001, 1.603064181511651e+000,-1.582326823382656e+000,-3.097453902519984e+000, 4.270016027490442e-002,-5.291987562793042e-001, 8.173451742126997e-002,-2.134773653775310e-002, 1.153448346835617e-007,-4.582043677814341e-007, 1.866001516637184e-007
 7.633333333333334e+000,-4.324592893503237e-001, 2.456738870168177e-001, 1.602388239142864e+000,-1.583362645379824e+000,-3.100778500249739e+000, 4.251913390476103e-002,-5.284351118751575e-001, 8.072035623443431e-002,-1.972018489011829e-002, 8.482881064253430e-012,-6.383782391594647e-013,-6.495498583447553e-012
 7.641666666666668e+000,-4.372066608847848e-001, 2.448488607096462e-001, 1.601768913231948e+000,-1.584305268763202e+000,-3.104031332863379e+000, 4.250444849601420e-002,-5.279292129697564e-001, 7.963709459736992e-002,-1.801163554856769e-002, 1.356633971827392e-010,-1.016431383504823e-011,-1.040128538853935e-010
 7.650000000000000e+000,-4.419825722707518e-001, 2.440035891250135e-001, 1.601218878365816e+000,-1.585143083725148e+000,-3.107165074390658e+000, 4.262401116797321e-002,-5.277099203470264e-001, 7.847768132049832e-002,-1.621613900383160e-002, 2.169591339917786e-009,-1.618927214508403e-010,-1.665600657396737e-009
 7.658333333333334e+000,-4.467944074515692e-001, 2.431375625496348e-001, 1.600750371337708e+000,-1.585874879704906e+000,-3.110145679595274e+000, 4.283838156684272e-002,-5.277832454757168e-001, 7.724893685439910e-002,-1.432320876581303e-002, 3.469666212674304e-008,-2.579356173093572e-009,-2.667237447573356e-008
 7.666666666666667e+000,-4.516492710568092e-001, 2.422499429636112e-001, 1.600374792175558e+000,-1.586510292075912e+000,-3.112953153096660e+000, 4.310475389257862e-002,-5.281305110530777e-001, 7.597387118112450e-002,-1.231798405241819e-002, 5.548742867955702e-007,-4.110963180981030e-008,-4.271245855058669e-007
 7.675000000000001e+000,-4.565527940330582e-001, 2.413396128295233e-001, 1.600102155529408e+000,-1.587068872119274e+000,-3.115582200199942e+000, 4.338205524558436e-002,-5.287101202993003e-001, 7.469088840303756e-002,-1.018354205833947e-002, 1.761973900116231e-011, 2.734945603322103e-011, 1.985836495244086e-011
 7.683333333333334e+000,-4.615081808479403e-001, 2.404053603318107e-001, 1.599940561491063e+000,-1.587577712661238e+000,-3.118041522149984e+000, 4.363566389136064e-002,-5.294645504676899e-001, 7.344856465019423e-002,-7.905019444428771e-003, 2.822790889922544e-010, 4.372134876362565e-010, 3.179282392906657e-010
 7.691666666666667e+000,-4.665158604577160e-001, 2.394461610867981e-001, 1.599895825642237e+000,-1.588066970272593e+000,-3.120351639731898e+000, 4.383993106018824e-002,-5.303295601612862e-001, 7.229600905680064e-002,-5.473849021245414e-003, 4.522425628428195e-009, 6.989250733724362e-009, 5.089981214290162e-009
 7.700000000000001e+000,-4.715736742763166e-001, 2.384613904185964e-001, 1.599971416327945e+000,-1.588564302601547e+000,-3.122541332990299e+000, 4.397868381734549e-002,-5.312435465424632e-001, 7.127254083164847e-002,-2.891243438153438e-003, 7.245539224154385e-008, 1.117284178508982e-007, 8.148982738598321e-008
 7.708333333333334e+000,-4.766773791846981e-001, 2.374509370040754e-001, 1.600168725929069e+000,-1.589090511706183e+000,-3.124643329732698e+000, 4.404469207793627e-002,-5.321550266038774e-001, 7.040187520445779e-002,-1.688223534562043e-004,-1.160837034929912e-006,-1.786058097025925e-006,-1.304634834953539e-006
 7.716666666666667e+000,-4.818212548580180e-001, 2.364152889892179e-001, 1.600487496575995e+000,-1.589657436156891e+000,-3.126690467772212e+000, 4.403830041350920e-002,-5.330251967192633e-001, 6.969260460421682e-002, 2.675761957035284e-003,-2.175982147245570e-008, 2.176525637498372e-008,-1.030645846444855e-008
 7.725000000000001e+000,-4.869985577148842e-001, 2.353555294739703e-001, 1.600926226194334e+000,-1.590267412674281e+000,-3.128713208136730e+000, 4.396559423146140e-002,-5.338257096646544e-001, 6.914186900031531e-002, 5.625204146905250e-003,-3.480397363364585e-007, 3.485517733325949e-007,-1.644975128334281e-007
 7.733333333333334e+000,-4.922017556362406e-001, 2.342731948757655e-001, 1.601482500202300e+000,-1.590913809946779e+000,-3.130738748586052e+000, 4.383702609945628e-002,-5.345351478508906e-001, 6.873871212237258e-002, 8.665677809649764e-003,-2.336125737301131e-011,-3.258149305906954e-011,-2.021816047914626e-011
 7.741666666666667e+000,-4.974227423834342e-001, 2.331701101291693e-001, 1.602153242590659e+000,-1.591582848909516e+000,-3.132791468567042e+000, 4.366677673482400e-002,-5.351363525171549e-001, 6.846713413121076e-002, 1.178642582096453e-002,-3.742021137398409e-010,-5.208636855158487e-010,-3.237053403104539e-010
 7.750000000000001e+000,-5.026531430829400e-001, 2.320482391586143e-001, 1.602934967553129e+000,-1.592256430632337e+000,-3.134893422893006e+000, 4.347272650241107e-002,-5.356151020650810e-001, 6.830977500736528e-002, 1.497821881933093e-002,-5.994012869381394e-009,-8.326775824407663e-009,-5.182727358388207e-009
 7.758333333333335e+000,-5.078846529051050e-001, 2.309095331669935e-001, 1.603824113633491e+000,-1.592915326388892e+000,-3.137063666640922e+000, 4.327684868898007e-002,-5.359602271698623e-001, 6.825112992103891e-002, 1.823105689415267e-002,-9.601375550172264e-008,-1.331145748073581e-007,-8.297892428732467e-008
 7.766666666666668e+000,-5.131093942601577e-001, 2.297559365481583e-001, 1.604817385897748e+000,-1.593542319950753e+000,-3.139316819644502e+000, 4.310478349378855e-002,-5.361643414285394e-001, 6.827868944841338e-002, 2.153176865355679e-002, 1.537999623002497e-006, 2.127985635035087e-006, 1.328552776679864e-006
 7.775000000000000e+000,-5.183202756749757e-001, 2.285896464913284e-001, 1.605911997206917e+000,-1.594124486243629e+000,-3.141661810636758e+000, 4.298348970556010e-002,-5.362245980976943e-001, 6.838179819204511e-002, 2.486347375654635e-002, 2.545567950873461e-008,-2.676891397435099e-008, 1.324567283633726e-008
 7.783333333333334e+000,-5.235112417694366e-001, 2.274134071627229e-001, 1.607105789178309e+000,-1.594653877293062e+000,-3.144101057346562e+000, 4.293809402045534e-002,-5.361436120264100e-001, 6.854964064893539e-002, 2.820688312268635e-002, 4.070439329484366e-007,-4.287206137876254e-007, 2.115561324456117e-007
 7.791666666666668e+000,-5.286773202457489e-001, 2.262306048551602e-001, 1.608397169284205e+000,-1.595126989063018e+000,-3.146631755062747e+000, 4.298981667339774e-002,-5.359281496329272e-001, 6.876966604249582e-002, 3.154135821876235e-002, 6.430944665680727e-011, 6.739353519691349e-011, 1.369448998644884e-011
 7.800000000000001e+000,-5.338145345747248e-001, 2.250451503451148e-001, 1.609785267447122e+000,-1.595544288818650e+000,-3.149240963809445e+000, 4.315540578991195e-002,-5.355963570573995e-001, 6.902728468594180e-002, 3.484410905637280e-002, 2.059650228147802e-009, 2.154750045058051e-009, 4.390189878300531e-010
 7.808333333333335e+000,-5.389194970458763e-001, 2.238612024206547e-001, 1.611269359457088e+000,-1.595908503532068e+000,-3.151915385427924e+000, 4.344754037631660e-002,-5.351659801319862e-001, 6.930428492471279e-002, 3.808963434422502e-002, 6.596619450682793e-008, 6.889162618151089e-008, 1.407391786445444e-008
 7.816666666666667e+000,-5.439891484188391e-001, 2.226828361257094e-001, 1.612848867855871e+000,-1.596223920198451e+000,-3.154637585829460e+000, 4.387593179300886e-002,-5.346600754460735e-001, 6.958014728170192e-002, 4.124932173701562e-002,-2.112787326466346e-006,-2.202567945528468e-006,-4.511611011758309e-007
 7.825000000000001e+000,-5.490206141201822e-001, 2.215137608067347e-001, 1.614523022387378e+000,-1.596495850320754e+000,-3.157388712929607e+000, 4.444846036524597e-002,-5.341032350942072e-001, 6.983415676051341e-002, 4.429238315455282e-002,-5.431264929467437e-008, 5.782231426998406e-008,-2.668661852611719e-008
 7.833333333333334e+000,-5.540111882718328e-001, 2.203571015566753e-001, 1.616290619552743e+000,-1.596730501538726e+000,-3.160149432412860e+000, 4.517197614079027e-002,-5.335197001797202e-001, 7.004765520810345e-002, 4.718713874504342e-002, 1.736718791098455e-006,-1.852211388797762e-006, 8.524546401487840e-007
 7.841666666666668e+000,-5.589582825063467e-001, 2.192152331692872e-001, 1.618149871727979e+000,-1.596934603831214e+000,-3.162900625261636e+000, 4.605253301081946e-002,-5.329321895609843e-001, 7.020534168529276e-002, 4.990306684186330e-002,-3.684633720357766e-008,-5.549157733319986e-008,-4.600456549042063e-008
 7.850000000000001e+000,-5.638593380671536e-001, 2.180897337096731e-001, 1.620098336076966e+000,-1.597115067784384e+000,-3.165624033904189e+000, 4.709479408582018e-002,-5.323614081119078e-001, 7.029639824418021e-002, 5.241390676472658e-002, 1.180893219760137e-006, 1.773951132521780e-006, 1.472829866623397e-006
 7.858333333333334e+000,-5.687117293416757e-001, 2.169814778410864e-001, 1.622132864690010e+000,-1.597278999087137e+000,-3.168302879098894e+000, 4.830066791258014e-002,-5.318258881806273e-001, 7.031586450670790e-002, 5.470105316078144e-002, 5.089869911656386e-008,-5.305286476797733e-008, 2.282759598015716e-008
 7.866666666666667e+000,-5.735126855230133e-001, 2.158908062600185e-001, 1.624249544574029e+000,-1.597433763448207e+000,-3.170922520185497e+000, 4.966793363509892e-002,-5.313414846027083e-001, 7.026514634790829e-002, 5.675581639223788e-002,-1.627735912059244e-006, 1.699311116001626e-006,-7.289772971431952e-007
 7.875000000000001e+000,-5.782593034987618e-001, 2.148177354048458e-001, 1.626443637879394e+000,-1.597586894990293e+000,-3.173470940085834e+000, 5.118964337443321e-002,-5.309203209727338e-001, 7.015100230590481e-002, 5.857974219359048e-002, 2.689434500102728e-008, 4.615578708122570e-008, 4.799860020554547e-008
 7.883333333333335e+000,-5.829486030004814e-001, 2.137621879483291e-001, 1.628709540126266e+000,-1.597745929450070e+000,-3.175938816450326e+000, 5.285421989127181e-002,-5.305698359807203e-001, 6.998394422204642e-002, 6.018361932501660e-002,-8.621927699884032e-007,-1.475514615607112e-006,-1.536478871195582e-006
 7.891666666666668e+000,-5.875774952525809e-001, 2.127241976432066e-001, 1.631040798859050e+000,-1.597918369226009e+000,-3.178319419078415e+000, 5.464566756768008e-002,-5.302925651389486e-001, 6.977693300988787e-002, 6.158583419834330e-002,-4.418939739125882e-008, 4.481240067910618e-008,-1.805676835830994e-008
 7.900000000000000e+000,-5.921426914035964e-001, 2.117040492978285e-001, 1.633430207911553e+000,-1.598111844903295e+000,-3.180608387970920e+000, 5.654374001677853e-002,-5.300869670471690e-001, 6.954415653215842e-002, 6.281001886339081e-002, 1.413372172817898e-006,-1.435219588549396e-006, 5.764486998896811e-007
 7.908333333333334e+000,-5.966406237091064e-001, 2.107023345502472e-001, 1.635869891000408e+000,-1.598333943980042e+000,-3.182803182080127e+000, 5.852422491097098e-002,-5.299490536602267e-001, 6.929952043349549e-002, 6.388251139776116e-002,-1.697226828523135e-008,-3.435162743148367e-008,-4.429531469396508e-008
 7.916666666666668e+000,-6.010673743606031e-001, 2.097199521602805e-001, 1.638351310616039e+000,-1.598591446010017e+000,-3.184902370670193e+000, 6.055939768384011e-002,-5.298739631349452e-001, 6.905512373117072e-002, 6.483026961127304e-002,-5.443517206160652e-007,-1.098152499823257e-006,-1.417822340643582e-006
 7.925000000000001e+000,-6.054186360152019e-001, 2.087581043550335e-001, 1.640865285692369e+000,-1.598889598813358e+000,-3.186904993127139e+000, 6.261866958824935e-002,-5.298569673399942e-001, 6.882005596013970e-002, 6.567887086956160e-002, 3.774850626525605e-009,-1.793941661887288e-010,-1.371757707424592e-009
 7.933333333333334e+000,-6.096897361904536e-001, 2.078182503055615e-001, 1.643402094648437e+000,-1.599231582172572e+000,-3.188809965678849e+000, 6.466940401108134e-002,-5.298940641937032e-001, 6.859912086934561e-002, 6.645034820045261e-002, 1.207732801267180e-007,-5.783189371832974e-009,-4.395025038350652e-008
 7.941666666666667e+000,-6.138757262505719e-001, 2.069019533527234e-001, 1.645951581029123e+000,-1.599617458528442e+000,-3.190615524564158e+000, 6.667779978427646e-002,-5.299823202534971e-001, 6.839093610105212e-002, 6.716139665443438e-002, 5.323519403077624e-014, 3.087530231482560e-013, 1.052491427344648e-013
 7.950000000000001e+000,-6.179715639733252e-001, 2.060106815810756e-001, 1.648503178142156e+000,-1.600042706912941e+000,-3.192318646233050e+000, 6.860986919558654e-002,-5.301201160660071e-001, 6.818609728166565e-002, 6.782239455429348e-002, 1.717459507943886e-012, 9.883427409818067e-012, 3.365141498790080e-012
 7.958333333333334e+000,-6.219723714660526e-001, 2.051456435366903e-001, 1.651045926035934e+000,-1.600497343315681e+000,-3.193914542221046e+000, 7.043258773047523e-002,-5.303073125805401e-001, 6.796689282552829e-002, 6.843726772045582e-002, 5.514483314428276e-011, 3.161901851456150e-010, 1.078139244548027e-010
 7.966666666666668e+000,-6.258736628350062e-001, 2.043076577044853e-001, 1.653568628716188e+000,-1.600966547133373e+000,-3.195396601727792e+000, 7.211531717951125e-002,-5.305449828704135e-001, 6.770960971348436e-002, 6.900406263122473e-002, 1.770066870854236e-009, 1.011576378218137e-008, 3.454034669392313e-009
 7.975000000000001e+000,-6.296715326458192e-001, 2.034970948090327e-001, 1.656060244650701e+000,-1.601433622463533e+000,-3.196756566615287e+000, 7.363181554752485e-002,-5.308348699623516e-001, 6.739007082406831e-002, 6.951621324497329e-002, 5.679835393679332e-008, 3.236350327728843e-007, 1.106507593884309e-007
 7.983333333333334e+000,-6.333629020028080e-001, 2.027139545638208e-001, 1.658510418466332e+000,-1.601884471886930e+000,-3.197984318568741e+000, 7.496275931972551e-002,-5.311792737036224e-001, 6.699087594007179e-002, 6.996444331118486e-002,-4.335809489219854e-012,-3.564259998256602e-012, 1.264660598465639e-011
 7.991666666666667e+000,-6.369457713409136e-001, 2.019579910046894e-001, 1.660909912537200e+000,-1.602310500911520e+000,-3.199067624315876e+000, 7.609774064295438e-002,-5.315811282482464e-001, 6.650617982265925e-002, 7.033880952259082e-002,-1.386242787226877e-010,-1.141901018186786e-010, 4.046962209791616e-010
 8.000000000000000e+000,-6.404193108799603e-001, 2.012287598361862e-001, 1.663250836514275e+000,-1.602708434811994e+000,-3.199992789833781e+000, 7.703578126357824e-002,-5.320432190222901e-001, 6.594197124687154e-002, 7.063025530740405e-002,-4.432077871374673e-009,-3.658118363780715e-009, 1.295045876092970e-008
 8.008333333333335e+000,-6.437837854997265e-001, 2.005255964793617e-001, 1.665526781978667e+000,-1.603078557578821e+000,-3.200746233930496e+000, 7.778478185555215e-002,-5.325664755307773e-001, 6.531361305689858e-002, 7.083124140516633e-002,-1.417030374428752e-007,-1.171848893477545e-007, 4.144212005785520e-007
 8.016666666666668e+000,-6.470404714523561e-001, 1.998475857700768e-001, 1.667732983074859e+000,-1.603422964598076e+000,-3.201315895053527e+000, 7.836102227108510e-002,-5.331487079937199e-001, 6.464270462751083e-002, 7.093534597591729e-002, 1.673577942895577e-012,-1.608280175702248e-011,-3.979150342559024e-012
